208 -0.093757756 0.0
316 -0.5322824 0.0
319 0.7452051 1.0
364 -0.57689005 0.0
398 -0.6062051 0.0
623 0.9465232 1.0
809 -0.4759854 0.0
964 -0.8602593 0.0
1226 -0.58958536 0.0
1255 -0.53247726 0.0
1633 -0.07326479 0.0
1653 -0.64378726 0.0
1682 -0.74290663 0.0
1841 0.027547967 0.0
1893 -0.41067484 0.0
1935 -0.22177777 0.0
1952 -0.95809656 0.0
1963 0.6321211 1.0
2263 -0.56992096 0.0
2278 -0.64799684 0.0
2353 -0.5528214 0.0
2443 -0.41778103 0.0
2474 -0.40197137 0.0
2654 -0.3364698 0.0
2756 -0.8229881 0.0
3007 -0.70935106 0.0
3188 -0.74714434 0.0
3189 0.25924823 1.0
3211 -0.70576143 0.0
3244 -0.7366265 0.0
3311 -0.14608027 0.0
3433 -0.38272157 0.0
3725 -0.2944977 0.0
3740 -0.24533941 0.0
3753 0.46239245 1.0
3850 -0.0026874538 0.0
3950 -0.52615374 0.0
4141 -0.7493131 0.0
4232 -0.9268251 0.0
4259 -0.35965997 0.0
4303 -0.5135866 0.0
4379 0.53389597 1.0
4410 0.05768702 0.0
4439 -0.53584003 0.0
4448 0.1826667 1.0
4655 -0.28396654 0.0
4698 -0.3934918 0.0
4769 1.2496551 1.0
4878 -0.31298524 0.0
5245 -0.41561332 0.0
5273 -0.68028444 0.0
5324 -0.06788335 0.0
5381 0.0106893405 0.0
5513 -0.2687881 0.0
5588 -0.003384309 0.0
5675 -0.23010716 0.0
5782 0.43079334 1.0
5958 -0.22273822 0.0
5976 -0.89120966 0.0
6099 -0.7180094 0.0
6238 -0.55625963 0.0
6360 -0.6005205 0.0
6365 -0.42187208 0.0
6443 -0.963318 0.0
6448 -0.63207734 0.0
6638 1.2572479 1.0
6652 -0.41164386 0.0
6653 -0.22594246 0.0
6730 -0.7873599 0.0
6761 -0.5045582 0.0
6833 -0.48073572 0.0
6881 -0.48683402 0.0
6960 -0.47736475 0.0
7048 -0.25269225 0.0
7054 -0.7127148 0.0
7158 -0.11845415 0.0
7177 -0.32795364 0.0
7269 -0.25713003 0.0
7302 -0.17972194 0.0
7390 0.30726716 1.0
7396 -0.9252574 0.0
7492 0.49784103 1.0
7572 -0.6268796 0.0
7623 -0.045081284 0.0
7660 -0.41527146 0.0
7675 -0.14227033 0.0
7687 0.76229703 1.0
7754 -0.53428584 0.0
7786 -0.3823121 0.0
7933 -0.20576559 0.0
8005 -0.027764026 0.0
8058 -1.1001313 0.0
8090 -0.63344395 0.0
8152 -0.079099074 0.0
8425 -0.67545 0.0
8429 -0.85166126 0.0
8450 -0.47367516 0.0
8487 -0.81532055 0.0
8526 -0.16133134 0.0
8529 -0.07200404 0.0
8599 -0.21578218 0.0
8758 -0.60575736 0.0
8765 -0.11000436 0.0
8831 -0.12517998 0.0
8838 -0.5434019 0.0
9048 -0.7743746 0.0
9105 -0.81951874 0.0
9195 -0.6889672 0.0
9227 -0.30001348 0.0
9432 0.5924395 1.0
9583 -0.8870171 0.0
9689 -0.73494273 0.0
9822 -0.090247035 0.0
9847 -0.7683084 0.0
9894 0.5560406 1.0
9922 -0.5232786 0.0
9947 -0.3930267 0.0
9979 0.30145296 1.0
9992 -0.6675699 0.0
10089 -0.2859192 0.0
10173 -1.1102566 0.0
10206 0.258203 1.0
10238 -0.93307215 0.0
10256 -0.50456977 0.0
10272 -0.3361926 0.0
10492 -0.5383105 0.0
10566 -0.115834504 0.0
10575 -0.47463483 0.0
10615 -0.57135004 0.0
10685 -0.107869476 0.0
10708 0.2596435 1.0
10805 -0.45181802 0.0
10840 -0.2829683 0.0
10850 -0.76827115 0.0
11147 -0.230721 0.0
11188 -0.3016422 0.0
11383 0.7164452 1.0
11454 -0.10112843 0.0
11526 -0.3107759 0.0
11620 0.104511596 1.0
11623 -0.52362484 0.0
11656 -0.7746247 0.0
12024 -0.63420385 0.0
12251 -0.711746 0.0
12306 -0.5997397 0.0
12328 -0.41023853 0.0
12330 -0.16696016 0.0
12334 -0.14160468 0.0
12403 -0.46101248 0.0
12428 -0.94232553 0.0
12449 -0.44388273 0.0
12473 -0.8057044 0.0
12592 -0.3845747 0.0
12683 -0.6108018 0.0
12695 -0.6974164 0.0
12731 -0.62353843 0.0
13060 -0.33057272 0.0
13129 0.002767336 0.0
13236 0.45565733 1.0
13248 -0.646127 0.0
13260 -0.69924283 0.0
13265 -0.3335489 0.0
13266 -0.64746183 0.0
13382 0.64131516 1.0
13386 0.8253634 1.0
13570 0.37753177 1.0
13732 -0.6256136 0.0
13917 -0.41472146 0.0
13997 -0.5510619 0.0
14068 -0.35909814 0.0
14195 0.54109997 1.0
14217 -0.786833 0.0
14255 -0.9197359 0.0
14278 -0.562311 0.0
14299 1.1342468 1.0
14390 -0.5702954 0.0
14455 0.10784939 1.0
14583 -0.49774367 0.0
14592 -0.3620913 0.0
14786 -0.24608311 0.0
14794 -0.74298286 0.0
14870 -0.5540726 0.0
14937 -0.78013 0.0
14953 0.16233519 1.0
14971 -0.5873142 0.0
14977 -0.654052 0.0
15013 -0.66000295 0.0
15091 -0.19813164 0.0
15174 -0.7201925 0.0
15183 -0.95546246 0.0
15249 -0.51560056 0.0
15290 -0.32611164 0.0
15346 -0.08984717 0.0
15388 -0.17573763 0.0
15420 -0.033849254 0.0
15455 -0.6058974 0.0
15513 -0.41595688 0.0
15539 0.3597516 1.0
15542 1.38585 1.0
15579 -0.63635767 0.0
15796 -0.87842447 0.0
15850 -0.3568945 0.0
15918 -0.71590143 0.0
15933 -0.44285586 0.0
16180 -0.34514228 0.0
16241 -0.5571611 0.0
16246 -0.45769227 0.0
16259 -0.76240444 0.0
16261 -0.66054076 0.0
16358 -0.22580703 0.0
16366 -0.53102595 0.0
16401 -0.72523564 0.0
16444 -0.58513165 0.0
16713 -0.2570749 0.0
16773 -0.8937063 0.0
16864 -0.81413394 0.0
16943 -0.683819 0.0
16946 -0.40707144 0.0
17035 -0.47001046 0.0
17054 -0.09494951 0.0
17059 -0.961479 0.0
17123 -0.36896396 0.0
17250 -0.20224154 0.0
17285 -0.3067981 0.0
17359 -0.3382165 0.0
17411 -0.9037683 0.0
17474 -0.5684787 0.0
17588 -0.71249944 0.0
17727 -0.3232415 0.0
17965 -0.5991 0.0
18025 -0.5454927 0.0
18033 0.07596794 0.0
18192 -1.3081055 0.0
18251 -0.3746201 0.0
18270 -0.0058941785 0.0
18312 -0.7977455 0.0
18361 -0.93941295 0.0
18716 -0.46549714 0.0
18821 -0.40210962 0.0
18984 -0.5191247 0.0
19140 -0.037119426 0.0
19451 -0.17081669 0.0
19494 -0.69066334 0.0
19574 -0.573326 0.0
19698 -0.9254235 0.0
19800 0.86192524 1.0
19821 -0.58492297 0.0
19854 -0.83963406 0.0
19862 0.48060486 1.0
19931 -0.50805825 0.0
19961 -0.9538205 0.0
20011 -0.74098784 0.0
20203 -0.3732097 0.0
20233 -0.8570124 0.0
20412 1.2196267 1.0
20451 -0.45069063 0.0
20456 -0.75168025 0.0
20457 -0.26853207 0.0
20644 -0.00019268575 0.0
20712 -1.1082408 0.0
20853 -0.4848365 0.0
21012 -0.25537938 0.0
21123 -0.6083657 0.0
21191 -1.2266994 0.0
21375 -0.6770449 0.0
21632 -0.34122905 0.0
21915 -0.19886123 0.0
21976 -0.46364528 0.0
22134 0.46587294 1.0
22142 -0.7385977 0.0
22184 -0.334161 0.0
22224 -0.50057334 0.0
22380 -0.91012734 0.0
22412 -0.3309019 0.0
22463 -0.27128324 0.0
22534 -0.63952184 0.0
22616 -0.54840624 0.0
22650 -1.0111212 0.0
22657 -0.40694553 0.0
22732 -0.63128495 0.0
22754 -0.563773 0.0
22838 -0.14970258 0.0
22904 -0.85949284 0.0
22907 -1.0272993 0.0
22930 -0.47464997 0.0
22991 0.116865374 1.0
23149 -0.829669 0.0
23209 -0.2607265 0.0
23220 -0.97007924 0.0
23255 0.7441774 1.0
23260 -0.8454728 0.0
23456 -0.1838344 0.0
23507 -1.08211 0.0
23580 -0.3628685 0.0
23611 -0.69357276 0.0
23676 -0.28352407 0.0
23866 0.032947324 0.0
23894 -0.3506449 0.0
23951 -0.5060282 0.0
24105 -0.19975297 0.0
24168 -0.57582587 0.0
24194 -0.58531886 0.0
24224 -0.28024608 0.0
24354 -0.64077693 0.0
24393 -0.49246806 0.0
24406 -0.8187619 0.0
24408 -0.21970934 0.0
24619 -0.37217945 0.0
24629 -0.34572324 0.0
24695 -0.6036506 0.0
24757 -0.49236038 0.0
24857 -0.20635816 0.0
24980 -0.62619054 0.0
25035 0.5419486 1.0
25084 -0.1733283 0.0
25204 -0.070211716 0.0
25216 -0.0022946736 0.0
25258 -0.6743306 0.0
25302 0.29919136 1.0
25308 -0.62298304 0.0
25358 -0.6557242 0.0
25417 -0.1377935 0.0
25429 -0.41181687 0.0
25639 -0.48465836 0.0
25679 -0.009214746 0.0
25689 1.1316077 1.0
25806 -0.25641897 0.0
25901 -0.20276625 0.0
26046 -0.9563338 0.0
26073 -0.4040952 0.0
26178 -0.7869526 0.0
26366 -0.93331534 0.0
26423 -0.41938397 0.0
26575 -0.50099915 0.0
26610 -0.17872606 0.0
26661 -0.09560435 0.0
26693 -0.4504132 0.0
26779 -0.77013326 0.0
26962 -0.53379667 0.0
27171 -0.2103453 0.0
27224 -0.33883432 0.0
27233 -0.6622844 0.0
27357 -0.26904225 0.0
27430 -0.5030605 0.0
27460 -0.48515502 0.0
27502 -0.43929654 0.0
27517 -0.72676635 0.0
27723 1.2075624 1.0
27766 -0.35250556 0.0
27853 -0.7039624 0.0
27905 -0.34255838 0.0
27914 -0.01385978 0.0
28133 0.20277096 1.0
28209 0.060218453 0.0
28260 0.6622073 1.0
28453 -1.117785 0.0
28466 0.2612466 1.0
28495 -0.5956595 0.0
28518 -0.35307568 0.0
28628 -0.67535836 0.0
28694 -0.59893 0.0
28818 -0.05993787 0.0
28823 -0.71626604 0.0
28839 -0.5864734 0.0
28904 -0.078313544 0.0
29107 0.19238305 1.0
29125 -0.5470523 0.0
29130 0.11997348 1.0
29169 -0.595294 0.0
29186 -0.77000624 0.0
29196 -0.20408462 0.0
29254 -0.17826699 0.0
29312 0.168319 1.0
29398 1.0506139 1.0
29407 -0.23417465 0.0
29486 -0.34735435 0.0
29546 0.088330254 0.0
29684 -0.43558848 0.0
30032 -0.7085053 0.0
30249 0.37358633 1.0
30333 -0.5894284 0.0
30698 -0.27009398 0.0
30789 -0.6230542 0.0
30819 -0.8404729 0.0
30859 0.89036417 1.0
30925 -1.4976413 0.0
31192 -0.89740103 0.0
31270 0.063436165 0.0
31322 -0.7602934 0.0
31389 -0.123411566 0.0
31696 -0.18511158 0.0
31740 -0.54911095 0.0
31816 0.41222495 1.0
31937 -0.4947962 0.0
32008 -0.3669077 0.0
32137 -0.60272455 0.0
32174 -0.84442514 0.0
32180 -0.42942992 0.0
32355 -0.46795404 0.0
32387 -0.30846813 0.0
32405 -0.66914016 0.0
32469 -1.1343135 0.0
32555 -0.5247386 0.0
32595 0.10824414 1.0
32604 -0.50068 0.0
32727 -0.59901094 0.0
32895 -0.6222488 0.0
33033 -0.088156655 0.0
33040 0.14483076 1.0
33056 -0.29389194 0.0
33084 1.1799709 1.0
33105 -0.5725314 0.0
33260 -0.5215498 0.0
33364 -0.2757849 0.0
33411 -0.2665129 0.0
33425 -0.13490391 0.0
33427 0.24104936 1.0
33581 -0.5553783 0.0
33778 -0.31100318 0.0
33817 -0.74185187 0.0
33818 -0.7034989 0.0
33855 -0.19530512 0.0
33944 0.32569993 1.0
34074 -0.5473084 0.0
34084 0.0948547 0.0
34180 -0.42314547 0.0
34205 0.42134538 1.0
34268 -0.16317192 0.0
34293 0.35740528 1.0
34297 0.12568171 1.0
34301 0.10761355 1.0
34366 -1.0528463 0.0
34413 -0.99652815 0.0
34700 0.81979483 1.0
34810 -0.48179418 0.0
34860 -0.7376059 0.0
34958 -0.6216159 0.0
35129 -0.16360973 0.0
35190 -0.43434057 0.0
35203 -0.37698066 0.0
35404 -0.6472868 0.0
35502 -0.255942 0.0
35767 -0.8971541 0.0
35808 0.4749964 1.0
35861 -0.25384998 0.0
35909 -1.005598 0.0
36031 -0.5944085 0.0
36148 -0.27069 0.0
36210 -0.38642487 0.0
36231 0.008495191 0.0
36368 -0.36203304 0.0
36370 0.03804492 0.0
36484 -0.7528667 0.0
36497 0.34473896 1.0
36521 0.5325088 1.0
36612 -0.028853668 0.0
36790 -0.071012475 0.0
37226 -0.5390441 0.0
37237 0.04800864 0.0
37249 -0.7067694 0.0
37296 -0.3901314 0.0
37300 -0.28787374 0.0
37353 -1.0829282 0.0
37386 -0.37810627 0.0
37446 -0.3639058 0.0
37474 -0.10889642 0.0
37512 0.9714537 1.0
37702 -0.51608056 0.0
37720 -0.62872434 0.0
37810 -0.29438445 0.0
37828 -0.9650713 0.0
37935 -0.2618333 0.0
38016 -0.5736716 0.0
38107 -0.6942057 0.0
38146 -0.45878354 0.0
38161 -0.55055594 0.0
38285 -0.559838 0.0
38385 -0.2983094 0.0
38590 -0.33536875 0.0
38601 -0.99351245 0.0
38606 0.6927144 1.0
38641 -0.56708795 0.0
38707 -0.50272024 0.0
38710 -0.7645563 0.0
38751 -0.42126232 0.0
38764 -0.7748752 0.0
38801 -0.961524 0.0
38822 -0.05445188 0.0
38996 -0.2329275 0.0
39129 -0.5024825 0.0
39167 -0.21011677 0.0
39178 0.64059776 1.0
39227 0.007326319 0.0
39281 -0.44414887 0.0
39283 -0.86246383 0.0
39463 -0.48400006 0.0
39527 -0.49870777 0.0
39610 -0.551875 0.0
39799 -0.44426003 0.0
39804 -0.66483676 0.0
39839 -0.8034932 0.0
39945 -0.66016674 0.0
40099 -1.1548574 0.0
40308 0.8902624 1.0
40380 -0.29144704 0.0
40402 -0.62878174 0.0
40407 -0.3111037 0.0
40415 -0.47188497 0.0
40528 -0.86519164 0.0
40538 -0.47920543 0.0
40653 -0.38519472 0.0
40677 -0.46131763 0.0
40915 0.07566583 0.0
41111 -0.43557745 0.0
41196 -0.082447626 0.0
41261 -0.23852511 0.0
41376 -0.21035849 0.0
41498 -0.5106954 0.0
41528 -1.0252897 0.0
41635 0.042154446 0.0
41920 -0.59681594 0.0
42082 -0.2163132 0.0
42173 0.1774982 1.0
42201 -0.4738858 0.0
42299 -0.39631575 0.0
42369 -0.55012155 0.0
42511 -0.30842698 0.0
42665 -0.47011986 0.0
42843 -0.61090475 0.0
42894 -0.4705521 0.0
42925 -0.7963377 0.0
43088 -0.96622485 0.0
43175 -0.41027504 0.0
43259 -0.5949807 0.0
43330 -0.36793447 0.0
43401 -0.21513787 0.0
43497 -0.21631303 0.0
43628 -0.15860254 0.0
43652 -0.6198184 0.0
43680 -0.7719311 0.0
43723 0.64863455 1.0
43748 -0.8470704 0.0
43856 -1.0133365 0.0
43945 -1.1698684 0.0
43981 -0.5594628 0.0
44142 -0.6287455 0.0
44160 -0.46432287 0.0
44187 -1.1156677 0.0
44248 -0.3845537 0.0
44374 -0.27713332 0.0
44424 -0.45258224 0.0
44505 -0.99210256 0.0
44581 -0.41640908 0.0
44598 -0.9468543 0.0
44625 -0.31624317 0.0
44646 -0.63088936 0.0
44719 -0.79834414 0.0
44736 -0.30998802 0.0
44744 0.015682217 0.0
44764 -0.64527667 0.0
45047 -1.0474981 0.0
45055 -0.015837505 0.0
45059 -0.8253073 0.0
45156 -0.25273538 0.0
45185 -0.8884225 0.0
45212 0.015851138 0.0
45219 0.35934797 1.0
45247 -0.5214482 0.0
45275 -0.16653208 0.0
45287 -0.5585387 0.0
45366 -0.4562504 0.0
45406 -0.51373166 0.0
45493 0.19106174 1.0
45614 0.020492362 0.0
45632 0.22224385 1.0
45678 -0.49066755 0.0
45682 0.65819013 1.0
45712 -0.47449347 0.0
45717 -0.5908488 0.0
45732 -0.32297078 0.0
45744 -0.40844297 0.0
45807 -0.98504597 0.0
45940 -0.10800949 0.0
46001 -0.6037035 0.0
46071 -0.20508774 0.0
46127 -1.0030808 0.0
46287 -1.1042155 0.0
46334 -0.6240258 0.0
46368 -0.3912297 0.0
46478 -0.8791133 0.0
46501 -0.13821067 0.0
46546 -0.4618229 0.0
46667 -0.60997725 0.0
46821 -0.548861 0.0
46828 -0.16594805 0.0
46916 -0.114251465 0.0
46930 -0.35042128 0.0
46940 -0.7541641 0.0
46960 -0.16958041 0.0
46970 -1.5220778 0.0
47155 -0.50342774 0.0
47205 -0.123135954 0.0
47326 -0.23369253 0.0
47330 0.5404729 1.0
47369 -0.26311895 0.0
47707 -1.01508 0.0
47747 -0.38631344 0.0
47780 -0.17785989 0.0
47783 -0.8181368 0.0
47792 0.0094864555 0.0
47835 -0.6094821 0.0
47848 -0.13997224 0.0
47881 -0.5637218 0.0
47889 -0.5788391 0.0
47923 0.1685891 1.0
48002 -0.88758534 0.0
48038 -0.18937884 0.0
48039 -0.39676532 0.0
48103 -0.10209581 0.0
48154 -0.13519001 0.0
48218 -0.26848704 0.0
48350 -0.32134205 0.0
48398 0.0028712905 0.0
48482 -0.45058957 0.0
48510 0.07561264 0.0
48511 -0.21783195 0.0
48543 -0.4959802 0.0
48546 -0.14596912 0.0
48591 -0.20891765 0.0
48599 -0.3150147 0.0
48663 -0.4600279 0.0
48668 -0.37046552 0.0
48704 -0.9881873 0.0
48761 -0.27447194 0.0
48949 -0.40734422 0.0
48989 -0.13315988 0.0
49004 0.29822436 1.0
49042 0.5082486 1.0
49162 0.8311224 1.0
49312 -0.14603925 0.0
49483 -0.4409614 0.0
49491 -0.44830012 0.0
49529 -0.4482559 0.0
49612 -0.006845352 0.0
49631 -0.8322377 0.0
49644 -0.22197048 0.0
49777 -0.7414256 0.0
49840 -0.8179369 0.0
49864 0.036624752 0.0
49897 -0.5110768 0.0
49965 -0.4998874 0.0
49967 -0.30734706 0.0
50012 -0.7932714 0.0
50031 0.93971574 1.0
50104 -0.60781854 0.0
50111 0.64363146 1.0
50162 -0.090365 0.0
50218 0.35253817 1.0
50251 -0.07561914 0.0
50288 1.2781065 1.0
50315 -0.5966982 0.0
50426 -0.8427823 0.0
50444 -0.26933432 0.0
50623 -0.323951 0.0
50696 -0.1907886 0.0
50863 -0.35299647 0.0
50880 -0.2793887 0.0
50911 0.022129914 0.0
50917 -0.15354967 0.0
51043 -0.69691545 0.0
51192 -0.464448 0.0
51225 -0.49238542 0.0
51405 -0.849932 0.0
51491 -0.82376397 0.0
51671 0.3003459 1.0
51796 -1.1078769 0.0
52153 -0.32471454 0.0
52180 -0.778645 0.0
52283 0.12543449 1.0
52322 -0.56537706 0.0
52401 0.7866392 1.0
52414 -0.008388404 0.0
52712 0.47100616 1.0
52727 -0.110192694 0.0
52806 -0.8711271 0.0
52858 0.3948268 1.0
52866 -0.18317296 0.0
52946 -0.22694872 0.0
53112 -0.38984728 0.0
53149 -0.9678248 0.0
53251 -0.6342259 0.0
53275 -0.87175816 0.0
53373 -0.49127382 0.0
53489 -0.027161757 0.0
53493 0.5401978 1.0
53530 -0.5187163 0.0
53604 -0.6156897 0.0
53635 -0.007206883 0.0
53652 -0.7946092 0.0
53685 -0.45171735 0.0
53719 0.7667491 1.0
53867 -0.10895182 0.0
53980 -0.59474677 0.0
53985 -0.7568393 0.0
54019 -0.41171578 0.0
54027 -1.4114072 0.0
54172 -0.29516092 0.0
54244 0.56768143 1.0
54250 -0.72239935 0.0
54273 -0.86880594 0.0
54287 -0.4210774 0.0
54361 0.21017152 1.0
54363 -0.07622622 0.0
54390 -0.06005754 0.0
54470 -0.41223598 0.0
54584 -0.5344025 0.0
54617 -0.51582 0.0
54690 0.43361846 1.0
54817 0.34573814 1.0
54833 -0.23610827 0.0
55037 -0.35752082 0.0
55135 -0.44582102 0.0
55151 -1.0961442 0.0
55192 -0.10515135 0.0
55371 0.63798034 1.0
55415 -0.19869882 0.0
55439 -0.32939866 0.0
55591 -0.6201712 0.0
55691 -0.89022446 0.0
56083 -0.9250669 0.0
56119 -0.64356726 0.0
56201 -0.8568894 0.0
56207 -0.32710886 0.0
56267 -0.6821051 0.0
56268 -0.68145984 0.0
56287 -0.2968947 0.0
56335 -0.13424039 0.0
56413 -0.5472764 0.0
56458 -0.40266356 0.0
56614 -0.3696608 0.0
56685 -0.2419247 0.0
56746 0.001705642 0.0
56817 -0.1419928 0.0
56832 -0.19319575 0.0
56848 -0.05513908 0.0
56904 -0.44069856 0.0
56939 -0.6191009 0.0
57059 -0.88439167 0.0
57105 0.4026377 1.0
57255 0.14486893 1.0
57282 -0.34584302 0.0
57348 -0.16062061 0.0
57455 -0.056033503 0.0
57495 -0.83292294 0.0
57545 -0.44584495 0.0
57682 -0.57270086 0.0
57811 -0.4414189 0.0
57825 -0.449772 0.0
57915 -0.4122678 0.0
58003 -0.0623982 0.0
58308 -0.069591075 0.0
58328 0.48745993 1.0
58394 -0.5899191 0.0
58450 -0.18586177 0.0
58503 -0.57819605 0.0
58686 0.029289069 0.0
58746 -0.3348446 0.0
58829 0.73529375 1.0
58954 -0.4270432 0.0
59126 0.21919976 1.0
59210 -0.38227496 0.0
59335 -1.0921576 0.0
59373 -0.43883255 0.0
59474 0.043150526 0.0
59508 -0.5011705 0.0
59534 -0.25976318 0.0
59611 0.262268 1.0
59707 -0.66632026 0.0
59763 -0.45998448 0.0
59802 -0.46186557 0.0
59835 0.15449774 1.0
59988 -0.49487564 0.0
60005 0.07588468 0.0
60024 -0.12865281 0.0
60041 -0.07119184 0.0
60056 0.9786888 1.0
60168 -0.310685 0.0
60185 -0.8765234 0.0
60210 -0.54072773 0.0
60255 0.16290553 1.0
60408 -0.51712555 0.0
60440 -0.61740106 0.0
60494 -0.28923875 0.0
60522 -0.7805698 0.0
60586 -0.28509164 0.0
60588 -0.36511225 0.0
60597 -0.42148992 0.0
60620 -0.8200842 0.0
60664 -0.57266134 0.0
60674 -0.0076714833 0.0
60826 0.7961643 1.0
60895 0.11280394 1.0
60923 -0.024545047 0.0
61002 -1.4455613 0.0
61024 -0.4022847 0.0
61081 -0.53357005 0.0
61196 0.5458461 1.0
61231 -0.07882418 0.0
61268 -0.4923284 0.0
61311 -0.5587831 0.0
61363 -0.42396373 0.0
61388 -0.55126554 0.0
61430 -0.13417235 0.0
61574 -0.9394533 0.0
61612 -0.6796052 0.0
61703 -0.37347582 0.0
61815 -0.09647547 0.0
61897 -0.6303256 0.0
61925 -0.81486213 0.0
61996 -0.7176424 0.0
62088 0.38330284 1.0
62381 0.45133424 1.0
62414 0.34342068 1.0
62458 -0.4750581 0.0
62658 -0.37068138 0.0
62752 -0.3811701 0.0
62811 -0.31772327 0.0
62896 0.16085856 1.0
62933 -0.22352257 0.0
62997 -0.1879472 0.0
63030 -0.1212072 0.0
63035 0.507659 1.0
63075 -0.97500044 0.0
63193 -0.54730225 0.0
63202 -0.5219286 0.0
63229 -0.5207372 0.0
63244 -0.4407314 0.0
63245 0.5579052 1.0
63290 -0.6826297 0.0
63335 -0.49127886 0.0
63383 -0.21736403 0.0
63395 -0.6932289 0.0
63438 -0.2425813 0.0
63503 -0.7250442 0.0
63523 -0.55423796 0.0
63610 -0.23147148 0.0
63637 -0.30477232 0.0
63660 -0.63090557 0.0
63685 -0.3418623 0.0
63750 -1.1632091 0.0
63902 -0.069347456 0.0
64027 -0.7790031 0.0
64255 0.42717558 1.0
64285 -0.28856772 0.0
64290 -0.1527174 0.0
64294 0.6767563 1.0
64351 -0.41025227 0.0
64353 0.025447525 0.0
64371 -0.47587198 0.0
64381 -0.51318526 0.0
64404 -0.6165824 0.0
64415 -0.28919578 0.0
64574 -0.23342821 0.0
64587 0.64555866 1.0
64869 -0.77736324 0.0
64885 0.13354722 1.0
64991 0.0782942 0.0
64997 -0.6114547 0.0
65021 -0.6056586 0.0
65450 -0.5722758 0.0
65584 -0.1425809 0.0
65641 -0.17049952 0.0
65901 -0.943933 0.0
66011 0.13858175 1.0
66088 -0.28353718 0.0
66114 0.31504732 1.0
66120 -0.4372254 0.0
66130 -0.53709155 0.0
66245 -0.29760605 0.0
66435 -0.49791825 0.0
66610 0.44813344 1.0
66713 -0.76155746 0.0
66755 -0.32442555 0.0
66886 -0.57916564 0.0
66919 -0.2552542 0.0
66930 0.3221581 1.0
66962 -0.5917921 0.0
66990 -0.42930233 0.0
67061 -0.21194512 0.0
67069 -0.6425818 0.0
67079 -0.5837878 0.0
67086 -0.3434417 0.0
67116 0.2125532 1.0
67130 -0.6596357 0.0
67170 -0.57859474 0.0
67202 -0.85536695 0.0
67206 -0.6197316 0.0
67267 -0.5430274 0.0
67299 -0.8484204 0.0
67300 -0.14604428 0.0
67310 0.49714518 1.0
67443 0.6949858 1.0
67617 -0.57256055 0.0
67637 -0.55719185 0.0
67663 0.085290655 0.0
67738 -0.9142566 0.0
67805 -0.02450809 0.0
67830 -1.2909578 0.0
67879 0.516729 1.0
67955 -0.67359203 0.0
67979 -0.7416742 0.0
68058 -0.4213306 0.0
68136 -0.3106465 0.0
68153 -0.4988791 0.0
68161 -0.2983634 0.0
68256 0.20111793 1.0
68288 -0.23885159 0.0
68325 -0.51272297 0.0
68340 -0.79374665 0.0
68397 -0.2871094 0.0
68413 0.45558494 1.0
68419 -0.6098835 0.0
68565 -0.5444203 0.0
68608 0.14633062 1.0
68730 -0.53542787 0.0
68759 -0.29898164 0.0
68771 -0.6814888 0.0
68804 -0.56152236 0.0
68902 -0.7449783 0.0
68924 -0.6897247 0.0
69029 -0.5429426 0.0
69030 0.39812386 1.0
69092 -0.14283147 0.0
69117 -0.11544109 0.0
69182 -0.50953084 0.0
69202 0.572989 1.0
69274 -0.51664996 0.0
69323 -0.80898327 0.0
69360 -0.4508562 0.0
69473 0.03630756 0.0
69503 -0.30469012 0.0
69533 0.18010713 1.0
69548 -0.80828094 0.0
69656 -0.38259828 0.0
69876 -0.5011564 0.0
69881 -0.4896219 0.0
69924 0.28531116 1.0
70084 0.21224895 1.0
70085 -0.4488415 0.0
70087 -0.21920809 0.0
70228 -0.432345 0.0
70241 -0.10549036 0.0
70274 -0.57403773 0.0
70338 -0.40839952 0.0
70390 -0.55501205 0.0
70471 -0.22075231 0.0
70472 0.5820913 1.0
70496 -0.5623882 0.0
70651 -0.18020295 0.0
70705 0.47906482 1.0
70806 -0.03479797 0.0
70859 -0.63021296 0.0
70902 -0.07124217 0.0
70944 -0.70529467 0.0
71086 -0.53595006 0.0
71147 0.046697978 0.0
71168 -0.27725685 0.0
71280 -0.6846954 0.0
71290 -0.60278684 0.0
71401 -0.30567467 0.0
71481 -0.6423794 0.0
71492 -0.11180561 0.0
71585 -0.33934748 0.0
71605 -0.31786403 0.0
71621 -0.5860636 0.0
71740 -0.5285381 0.0
71753 -0.54174244 0.0
71855 -0.2192374 0.0
71864 -0.43614134 0.0
71899 -0.23532331 0.0
71901 -0.6695094 0.0
71956 -0.6527057 0.0
72080 -0.6427031 0.0
72095 -0.28388932 0.0
72137 -0.60770154 0.0
72185 -0.3411952 0.0
72298 -0.12360645 0.0
72373 -0.71396667 0.0
72382 -0.57616746 0.0
72385 -0.27500895 0.0
72542 -0.58081037 0.0
72838 -0.883436 0.0
72867 -0.6770816 0.0
73011 -0.28434944 0.0
73075 -0.21078956 0.0
73166 -0.50179344 0.0
73396 -0.04044672 0.0
73423 -0.6606746 0.0
73440 0.00031092763 0.0
73493 -0.35074916 0.0
73510 0.07997807 0.0
73527 -0.44115657 0.0
73550 -0.62924176 0.0
73566 -0.8014525 0.0
73599 -0.07421942 0.0
73609 -0.23744017 0.0
73812 0.009712111 0.0
73874 0.60299814 1.0
73941 -0.37773818 0.0
73955 0.55729073 1.0
73972 -0.7586434 0.0
74018 -0.20489858 0.0
74214 -0.44378838 0.0
74264 -1.0311042 0.0
74292 -0.3847478 0.0
74451 -0.41708192 0.0
74650 -0.5483543 0.0
74655 -0.60525566 0.0
74682 -0.46653205 0.0
74744 -0.7724311 0.0
74804 0.14026755 1.0
74861 0.2627377 1.0
74893 -0.5277825 0.0
75048 0.55837816 1.0
75094 -0.59237987 0.0
75112 -0.7214318 0.0
75209 -0.8051222 0.0
75274 0.13389702 1.0
75359 -0.38226053 0.0
75361 -0.36664417 0.0
75525 -0.008749998 0.0
75553 -0.49809664 0.0
76048 -0.3902514 0.0
76112 -0.7203921 0.0
76210 -0.6983093 0.0
76277 -0.7134796 0.0
76576 -0.11650273 0.0
76644 -0.4409348 0.0
76816 0.8149083 1.0
76991 -0.32991618 0.0
77027 -0.86715925 0.0
77077 -0.6941608 0.0
77106 -0.016778903 0.0
77125 -0.18767919 0.0
77202 -0.31382018 0.0
77238 -0.6792895 0.0
77253 -0.8799267 0.0
77339 -0.022442821 0.0
77343 -0.17224766 0.0
77453 -0.10690744 0.0
77596 -0.284729 0.0
77603 -0.06977408 0.0
77653 0.22735481 1.0
77684 -0.41363633 0.0
77773 -0.22879508 0.0
77846 -0.7267304 0.0
77947 -0.13490793 0.0
78039 -0.8829747 0.0
78056 0.3928038 1.0
78126 0.37678224 1.0
78167 -0.43662292 0.0
78347 -0.41888863 0.0
78402 0.35067162 1.0
78415 -0.2988418 0.0
78475 -0.11320061 0.0
78552 -0.84656966 0.0
78611 -0.18168852 0.0
78657 0.3706341 1.0
78694 -0.7990511 0.0
78734 -0.24239749 0.0
78864 -0.57839996 0.0
78915 -0.253908 0.0
78916 -0.2712672 0.0
78963 -0.10292282 0.0
79129 -0.46025935 0.0
79170 -0.15562542 0.0
79295 -0.5817018 0.0
79332 -0.6171956 0.0
79392 -0.25540957 0.0
79434 -0.6483639 0.0
79438 -0.39359486 0.0
79463 -0.78719836 0.0
79497 -0.4360586 0.0
79547 -0.3168635 0.0
79585 -0.29556215 0.0
79604 -0.4507967 0.0
79662 -0.14534765 0.0
79839 0.4408133 1.0
79947 0.037851304 0.0
80022 -0.3553541 0.0
80036 -0.55061203 0.0
80105 0.6209597 1.0
80200 -0.5538049 0.0
80319 -0.265366 0.0
80343 -0.41388 0.0
80354 -0.3680597 0.0
80368 -0.39763388 0.0
80446 -0.14337203 0.0
80592 -0.588883 0.0
80846 0.14360732 1.0
81146 -1.014056 0.0
81168 0.23520717 1.0
81263 0.505718 1.0
81301 0.046559654 0.0
81404 0.57220876 1.0
81566 0.030369198 0.0
81738 -0.22295074 0.0
81798 0.27273592 1.0
81898 -0.44240302 0.0
81957 0.055987623 0.0
82010 0.64848316 1.0
82046 0.062639415 0.0
82279 0.53218263 1.0
82738 -0.75717056 0.0
82758 -0.23295297 0.0
83012 -0.59905225 0.0
83254 -0.78526497 0.0
83323 -0.59062105 0.0
83375 0.12900205 1.0
83445 0.6707954 1.0
83483 -0.01125056 0.0
84009 -0.39346057 0.0
84055 -0.55065376 0.0
84165 -0.36711994 0.0
84246 -0.31749237 0.0
84274 -0.9287772 0.0
84463 -0.9771383 0.0
84520 -0.95470154 0.0
84579 -0.20583603 0.0
84601 -0.6717074 0.0
84633 -0.62426835 0.0
84636 -0.8649164 0.0
84751 -0.59494704 0.0
84756 -0.19774406 0.0
84799 0.47221065 1.0
84860 -0.61106324 0.0
84908 -0.31453687 0.0
85058 -0.64528364 0.0
85095 -0.7982489 0.0
85168 -0.937492 0.0
85176 -0.37218913 0.0
85358 -0.45840892 0.0
85373 -0.519347 0.0
85418 0.069935806 0.0
85453 0.335562 1.0
85480 -0.377141 0.0
85490 -0.48734447 0.0
85502 -0.20203273 0.0
85557 0.36947477 1.0
85817 -0.71128726 0.0
85866 -0.18519649 0.0
85898 -0.88443166 0.0
85934 -0.54007757 0.0
85982 0.3244322 1.0
86095 0.015777238 0.0
86281 -0.9026824 0.0
86350 -0.5940176 0.0
86379 -0.39925238 0.0
86413 -0.41359326 0.0
86568 -0.14594795 0.0
86588 -0.12986226 0.0
86728 -0.8469162 0.0
86867 -0.3928907 0.0
86902 0.6373757 1.0
86931 -0.42533755 0.0
86936 -0.44862553 0.0
86984 -0.37168884 0.0
87014 -0.23539431 0.0
87050 -0.057146903 0.0
87202 -0.21758811 0.0
87211 -0.51905847 0.0
87237 -0.26080322 0.0
87267 -0.76208603 0.0
87323 -0.015884718 0.0
87542 1.0262542 1.0
87599 -0.5048834 0.0
87674 -0.41847754 0.0
87698 -0.7649175 0.0
87908 -0.15986036 0.0
87967 -0.63917553 0.0
87978 0.34261638 1.0
88052 0.5465703 1.0
88070 -0.8614731 0.0
88079 -0.7834676 0.0
88137 -0.70551217 0.0
88156 -0.118580595 0.0
88175 -0.87717056 0.0
88213 0.23580611 1.0
88351 -0.3510555 0.0
88431 -0.5796307 0.0
88492 -0.03396802 0.0
88528 0.93279207 1.0
88614 -0.40620387 0.0
88662 -0.4423029 0.0
88676 0.3629648 1.0
88703 -0.7144058 0.0
88722 0.21688956 1.0
88743 -0.16206442 0.0
88843 0.49349886 1.0
88846 -0.38592157 0.0
88865 -0.61264265 0.0
88889 0.0024781893 0.0
88915 -0.38123864 0.0
88931 -0.5481781 0.0
88978 -0.6833725 0.0
89088 -0.11077553 0.0
89126 0.5178331 1.0
89309 0.263036 1.0
89350 -0.8147641 0.0
89428 -0.4673096 0.0
89441 -0.7496549 0.0
89467 0.33037117 1.0
89526 0.0047621336 0.0
89527 -0.22724797 0.0
89532 -0.7755704 0.0
89533 -0.31161776 0.0
89563 -0.35008928 0.0
89701 -0.47440997 0.0
89716 -0.3886886 0.0
89826 -0.3744228 0.0
89830 -0.57093996 0.0
90105 0.6024182 1.0
90128 -0.21387897 0.0
90189 -0.13765632 0.0
90259 -0.66941 0.0
90394 0.64258915 1.0
90403 -0.92847 0.0
90646 -1.5132291 0.0
90763 -0.54575545 0.0
90771 -0.9273163 0.0
90774 0.519752 1.0
90853 -0.29323107 0.0
90875 -0.22132646 0.0
91010 0.06282479 0.0
91114 -1.0895251 0.0
91188 -0.781835 0.0
91259 -0.30044577 0.0
91416 -0.7567025 0.0
91521 -0.2765438 0.0
91721 -0.58731633 0.0
91883 0.89426255 1.0
91914 0.66858095 1.0
92024 -0.019812334 0.0
92059 -0.4365967 0.0
92249 -0.4617523 0.0
92339 -1.034174 0.0
92488 -0.9391449 0.0
92616 -0.6337835 0.0
92782 -0.7474272 0.0
92964 -0.5423727 0.0
93117 -0.29789096 0.0
93130 0.39294615 1.0
93181 -0.46583965 0.0
93204 -0.27588254 0.0
93208 -0.25784063 0.0
93306 0.36312908 1.0
93343 -0.51904476 0.0
93351 -0.9062405 0.0
93442 -0.5289877 0.0
93443 -0.3397718 0.0
93515 -0.33975038 0.0
93698 -0.516777 0.0
93702 -0.5328519 0.0
93703 -0.2907524 0.0
93763 -0.4373764 0.0
94032 -0.22753537 0.0
94154 -0.65732646 0.0
94173 -0.10165351 0.0
94334 0.7614627 1.0
94417 -0.41846746 0.0
94524 -0.4031936 0.0
94582 -0.44293752 0.0
94621 -0.74435693 0.0
94847 -0.2394947 0.0
94850 -0.7113488 0.0
94963 0.1249499 1.0
94987 -0.30035612 0.0
95181 0.1429303 1.0
95301 -0.57030714 0.0
95333 0.017616086 0.0
95421 0.29569525 1.0
95532 -0.48655653 0.0
95648 0.43985328 1.0
95754 -0.2621836 0.0
95840 -0.8164949 0.0
95911 -0.26100704 0.0
95918 -0.82371646 0.0
96005 -0.87406206 0.0
96027 -0.57614905 0.0
96323 -0.62081975 0.0
96433 -0.5974906 0.0
96490 -0.37530452 0.0
96568 -0.08314562 0.0
96573 -0.20780905 0.0
96614 0.9188166 1.0
96646 -0.29951692 0.0
96697 -0.003980757 0.0
96816 -0.18797354 0.0
96844 -0.9253025 0.0
96971 -0.6627604 0.0
97153 -0.086617574 0.0
97384 -0.9776758 0.0
97585 -0.39884812 0.0
97677 -0.46663272 0.0
97752 -0.60490507 0.0
97771 -0.6019613 0.0
97774 -0.48573387 0.0
97810 -0.44352424 0.0
97824 0.21002415 1.0
97845 -0.44089553 0.0
97891 -0.34861538 0.0
98235 -0.23729366 0.0
98293 0.0063280407 0.0
98297 -0.64995426 0.0
98353 -0.5266502 0.0
98379 -1.037447 0.0
98543 -0.53556126 0.0
98574 -0.30500865 0.0
98609 -0.6526461 0.0
98645 0.14583927 1.0
98654 -0.7420218 0.0
98700 -1.0309696 0.0
98701 0.25677314 1.0
98755 0.16023183 1.0
98775 -0.5798446 0.0
98782 -0.49978718 0.0
98877 -0.09547975 0.0
98883 -0.33601108 0.0
98890 -0.65839607 0.0
98947 -0.20964877 0.0
98951 -0.4498091 0.0
99053 -0.28501353 0.0
99098 -0.0454544 0.0
99108 -0.33439308 0.0
99127 -0.36973268 0.0
99166 -0.48128232 0.0
99395 -0.79778236 0.0
99399 -0.76178586 0.0
99440 -0.7468468 0.0
99497 -0.08961683 0.0
99503 -0.6561272 0.0
99594 -0.8408741 0.0
99616 -0.5678543 0.0
99652 0.027973182 0.0
99766 -0.5325043 0.0
99775 -0.6541817 0.0
99846 -0.9088313 0.0
99888 1.0127939 1.0
100008 -0.024787266 0.0
100094 -1.2350255 0.0
100200 -0.65149635 0.0
100210 -1.0430359 0.0
100276 -0.78495246 0.0
100299 -0.5393536 0.0
100400 -0.1798372 0.0
100426 0.21604013 1.0
100431 -0.33550578 0.0
100447 -0.2217929 0.0
100534 0.09294118 0.0
100571 -0.7330282 0.0
100605 -0.20010762 0.0
100668 -0.21592744 0.0
100790 -0.75385535 0.0
100833 -0.737004 0.0
101050 -1.029467 0.0
101071 -0.6108461 0.0
101126 0.036417637 0.0
101383 -0.8651669 0.0
101395 -0.21137775 0.0
101477 -0.27267665 0.0
101510 -0.23000078 0.0
101624 -0.23277271 0.0
101639 -0.40774405 0.0
101778 -0.30639973 0.0
101878 -0.4983572 0.0
101903 -0.50095767 0.0
102087 -0.16436528 0.0
102110 -0.6869558 0.0
102129 0.37893915 1.0
102187 -0.028686075 0.0
102275 -0.55761445 0.0
102375 0.58259624 1.0
102494 -0.42114386 0.0
102500 0.043382294 0.0
102634 -0.6415356 0.0
102788 -0.44583228 0.0
102805 0.78243715 1.0
102987 -0.91058403 0.0
103007 -0.33189383 0.0
103076 -0.051020477 0.0
103292 0.6546851 1.0
103365 0.57176614 1.0
103464 -0.3454825 0.0
103600 -0.056577392 0.0
103625 -0.20883596 0.0
103660 0.31185037 1.0
103663 -0.89179397 0.0
103665 -0.4475848 0.0
104115 -0.5865377 0.0
104160 -0.637412 0.0
104215 -0.31996152 0.0
104293 -0.5039622 0.0
104508 -0.4172206 0.0
104558 0.039681785 0.0
104606 0.18431908 1.0
104650 -0.4814352 0.0
104835 0.20820192 1.0
104952 -0.11603766 0.0
105115 -0.5836616 0.0
105465 -0.20483157 0.0
105639 -0.8008233 0.0
105734 -0.38459828 0.0
105894 0.36005312 1.0
106050 -0.07404108 0.0
106323 -0.9622317 0.0
106423 0.91224957 1.0
106673 -0.25526464 0.0
106704 -0.6806942 0.0
106780 -0.49172413 0.0
107108 -0.48626304 0.0
107172 -1.2006304 0.0
107458 -0.4971419 0.0
107662 -0.693187 0.0
107673 -0.8589408 0.0
107734 -0.6300972 0.0
107817 0.28869343 1.0
107886 0.92829937 1.0
107903 -0.28090858 0.0
107923 -0.114904076 0.0
108091 -0.474196 0.0
108152 -0.42612255 0.0
108321 -0.7232386 0.0
108451 -0.8861049 0.0
108642 -0.20530467 0.0
108679 -0.45799404 0.0
108760 -0.3511989 0.0
108965 -0.6009978 0.0
108985 -0.22877674 0.0
109142 -1.1943189 0.0
109184 -0.32847455 0.0
109258 -0.5237882 0.0
109452 -0.28031242 0.0
109506 -0.43294945 0.0
109508 -0.3499948 0.0
109524 0.0831133 0.0
109905 0.017861288 0.0
109949 -0.5565077 0.0
110053 -0.87068355 0.0
110192 -0.23387334 0.0
110467 0.9909991 1.0
110590 0.052115653 0.0
110887 1.0674165 1.0
110938 -0.005945038 0.0
110975 -0.5407177 0.0
110993 -0.49291304 0.0
111050 -0.15935715 0.0
111107 -0.327988 0.0
111158 -0.5138272 0.0
111192 -0.16949068 0.0
111193 -0.6962603 0.0
111271 -0.7860553 0.0
111352 -0.61344874 0.0
111402 -1.0936202 0.0
111407 -0.58000255 0.0
111869 -0.5762723 0.0
112073 -0.4879579 0.0
112117 -0.82300603 0.0
112121 -0.34607506 0.0
112164 -0.548007 0.0
112200 -0.44100145 0.0
112219 -0.791895 0.0
112478 -0.23721409 0.0
112518 -0.65889734 0.0
112547 -0.4382512 0.0
112610 -0.58023274 0.0
112814 -0.29131895 0.0
112927 0.030273946 0.0
113161 -0.14340429 0.0
113224 -0.56692016 0.0
113250 -0.673649 0.0
113294 -0.03548745 0.0
113309 -0.2702111 0.0
113330 -0.55240905 0.0
113382 -0.71229964 0.0
113401 -0.33751342 0.0
113512 -0.7964515 0.0
113690 -0.11358741 0.0
113700 -0.40592426 0.0
113738 0.2271054 1.0
113773 -0.22357497 0.0
113801 0.37368476 1.0
113838 -0.914535 0.0
113918 -0.754384 0.0
113978 0.55768615 1.0
114030 -0.6813878 0.0
114050 -0.56929374 0.0
114065 -0.28049314 0.0
114177 -0.3605233 0.0
114222 -0.16130336 0.0
114358 -0.31758133 0.0
114381 -0.48113415 0.0
114445 -0.27749175 0.0
114476 0.031828877 0.0
114527 -0.1741811 0.0
114609 -0.4968018 0.0
114656 -0.8270083 0.0
114701 -0.26805443 0.0
114749 -0.9881122 0.0
114916 -0.70281756 0.0
114933 -0.65702075 0.0
114941 -0.5203788 0.0
114949 -0.60636127 0.0
114960 -0.9564195 0.0
115021 -0.20255849 0.0
115064 -0.077240996 0.0
115069 -0.41883487 0.0
115114 -0.28508523 0.0
115115 -0.2538685 0.0
115156 -0.112793 0.0
115216 -0.25757217 0.0
115246 -0.31917834 0.0
115280 -0.9667945 0.0
115293 -0.34470007 0.0
115341 -1.0836703 0.0
115344 -0.6327771 0.0
115356 -0.3686659 0.0
115370 -0.041714672 0.0
115491 -0.041403245 0.0
115554 -0.25581548 0.0
115563 -0.34714243 0.0
115634 -0.69065064 0.0
115741 -0.2546533 0.0
115787 -0.43263805 0.0
115795 -0.1680597 0.0
115807 -0.74319315 0.0
115815 -0.636094 0.0
115907 0.042463683 0.0
115925 -0.28922498 0.0
115947 -0.2548488 0.0
116013 -0.03731503 0.0
116029 0.08965343 0.0
116117 -0.63852626 0.0
116154 -0.78243893 0.0
116184 -0.360581 0.0
116220 0.21448532 1.0
116245 -0.7468329 0.0
116286 -0.2820213 0.0
116313 -0.7125524 0.0
116374 -0.59404033 0.0
116378 -0.67557293 0.0
116466 -1.0399394 0.0
116481 0.33435208 1.0
116503 0.14832926 1.0
116585 -0.36207932 0.0
116602 -0.6191633 0.0
116617 -0.59974486 0.0
116699 -0.5143596 0.0
116885 -0.35343254 0.0
116957 -0.16468151 0.0
116983 0.76488906 1.0
116989 0.80147195 1.0
117023 -0.5672274 0.0
117044 -0.50106245 0.0
117120 -1.018084 0.0
117209 -0.2487146 0.0
117217 -0.27244332 0.0
117242 -0.36016604 0.0
117251 -0.29090172 0.0
117260 -0.09475375 0.0
117289 -0.5320412 0.0
117293 -0.47354627 0.0
117303 -0.83135086 0.0
117355 -0.21994662 0.0
117356 -0.33311537 0.0
117499 -0.120919734 0.0
117542 -0.6897187 0.0
117570 0.24849834 1.0
117636 -0.24208969 0.0
117676 -0.59973 0.0
117680 -0.43117914 0.0
117699 -0.7140025 0.0
117711 0.8704322 1.0
117789 -0.47090444 0.0
117854 -0.29914665 0.0
117858 -0.5594318 0.0
117870 0.12888077 1.0
117877 -0.46721697 0.0
117903 0.10624629 1.0
117966 -0.63726497 0.0
118050 -0.5899345 0.0
118052 -0.35704264 0.0
118117 -0.33561835 0.0
118123 0.16224223 1.0
118155 -0.50402397 0.0
118333 -0.67144984 0.0
118415 -0.6081379 0.0
118421 -0.8299833 0.0
118437 -0.20956881 0.0
118453 0.9280703 1.0
118466 -0.57891244 0.0
118501 -0.3641175 0.0
118534 -0.65194726 0.0
118567 0.6123773 1.0
118594 -0.6524586 0.0
118599 -0.11469403 0.0
118628 0.33705252 1.0
118753 -0.7518995 0.0
118759 0.13949 1.0
118894 -0.7461956 0.0
118910 -0.35934907 0.0
118914 -0.2387898 0.0
118927 -0.93361604 0.0
118930 -0.5219288 0.0
118966 -0.50601846 0.0
119003 0.6631947 1.0
119051 0.0023448397 0.0
119094 -0.76356876 0.0
119112 -0.06754308 0.0
119129 -0.33912572 0.0
119138 -0.17211682 0.0
119153 -0.104846604 0.0
119354 -0.16318713 0.0
119509 0.3260413 1.0
119653 -0.49054873 0.0
119766 -0.54145926 0.0
119768 -0.25927988 0.0
119870 0.06009859 0.0
119909 -0.8340747 0.0
119917 -0.22688258 0.0
119939 0.08107173 0.0
119978 -0.3277791 0.0
120101 -0.5556851 0.0
120127 0.0042304867 0.0
120153 -0.46596164 0.0
120256 0.20299424 1.0
120282 -0.5084966 0.0
120289 -0.623701 0.0
120479 -0.74814373 0.0
120480 -0.57344055 0.0
120491 -0.096482195 0.0
120492 -0.21232487 0.0
120548 -0.87488586 0.0
120561 0.66675484 1.0
120562 0.5186177 1.0
120627 0.09888846 0.0
120682 -0.3909455 0.0
120761 0.2667011 1.0
120828 0.14732826 1.0
121062 -0.7748486 0.0
121130 -0.3111677 0.0
121190 -0.56118906 0.0
121200 0.05807342 0.0
121257 -0.7030698 0.0
121279 -0.35957155 0.0
121297 -0.27661914 0.0
121361 -0.7077507 0.0
121540 -0.18700726 0.0
121569 -0.6987676 0.0
121601 -0.29611015 0.0
121619 -0.17741948 0.0
121649 -0.6614355 0.0
121664 -0.70323586 0.0
121678 0.3985355 1.0
121710 -0.12306184 0.0
121726 -0.7388703 0.0
121757 -0.43106315 0.0
121787 0.4869856 1.0
122064 -0.10618105 0.0
122343 -0.42784986 0.0
122390 -0.18763039 0.0
122512 -0.38394317 0.0
122605 -0.020606752 0.0
122704 -0.9383507 0.0
122722 -0.44210118 0.0
122732 -0.8725085 0.0
122873 -0.35807642 0.0
123051 -0.32067868 0.0
123060 -0.73043907 0.0
123167 0.27630228 1.0
123177 -0.9120857 0.0
123341 -0.9516471 0.0
123362 -0.9021534 0.0
123692 0.15200514 1.0
123765 -0.17376953 0.0
123869 -0.58888096 0.0
124017 -0.5227421 0.0
124105 -0.95783794 0.0
124193 -0.02517677 0.0
124323 -0.4739486 0.0
124333 1.0766476 1.0
124528 -0.46805108 0.0
124535 0.81419504 1.0
124855 -0.10807491 0.0
124856 -0.5003071 0.0
124875 -0.25871325 0.0
124888 -0.51053065 0.0
124937 -0.6943417 0.0
124958 -0.6470259 0.0
124973 -0.19124222 0.0
124974 -0.3907119 0.0
125047 -0.5926635 0.0
125163 -0.30445862 0.0
125203 -0.23676966 0.0
125295 -0.5887193 0.0
125405 -0.30670324 0.0
125412 0.020527668 0.0
125640 -0.4808415 0.0
126006 -0.6288494 0.0
126085 0.048515745 0.0
126259 -0.45911536 0.0
126348 -0.14367855 0.0
126612 -0.9563783 0.0
126769 -0.4190806 0.0
126876 -0.5603143 0.0
126939 -0.63947004 0.0
127348 -0.35857448 0.0
127801 -0.5416196 0.0
127862 -0.44983864 0.0
127867 -0.42539826 0.0
128000 -0.8889741 0.0
128102 -0.45874235 0.0
128106 -0.09172881 0.0
128485 -0.8989331 0.0
128619 0.28477433 1.0
128810 -0.033473615 0.0
128834 -0.6724934 0.0
128947 -0.27962837 0.0
128949 -0.5748334 0.0
129044 -0.22081806 0.0
129064 -0.27278683 0.0
129114 -0.9384651 0.0
129217 -0.65456 0.0
129449 0.5918672 1.0
129472 -0.38469627 0.0
129486 0.11762471 1.0
129520 -0.29034027 0.0
129620 -0.7577652 0.0
129636 -0.7317518 0.0
129706 -0.4049787 0.0
129756 -0.7390285 0.0
129759 -0.62194365 0.0
129798 0.39150366 1.0
129865 -0.41241366 0.0
129952 -0.36555853 0.0
129961 -0.72117174 0.0
130036 0.11667667 1.0
130081 -0.47472924 0.0
130094 0.49829414 1.0
130630 -0.63400006 0.0
130702 -0.5011841 0.0
130749 -0.48683652 0.0
130755 -0.4141342 0.0
130756 0.35734776 1.0
130772 -0.817166 0.0
130787 -0.3296982 0.0
130795 -0.4539655 0.0
130941 0.13395332 1.0
130977 -0.32152236 0.0
130992 -0.57891876 0.0
131006 -0.18055946 0.0
131019 -0.08948097 0.0
131089 -0.20406476 0.0
131092 -0.5154597 0.0
131094 0.14219545 1.0
131197 -0.13182274 0.0
131287 -0.6280452 0.0
131373 0.39696148 1.0
131397 -0.79342926 0.0
131435 -0.4400137 0.0
131546 -0.7110466 0.0
131668 0.08733256 0.0
131713 -0.6353309 0.0
131746 -0.4700822 0.0
131993 0.19813354 1.0
132025 -0.36942527 0.0
132129 0.058254868 0.0
132156 -0.6372392 0.0
132189 0.09434537 0.0
132459 -0.43526462 0.0
132501 -0.11299583 0.0
132543 -0.6171365 0.0
132551 -0.43347865 0.0
132824 -0.48525983 0.0
132864 0.60372204 1.0
132872 -0.47126296 0.0
132921 0.6515504 1.0
133355 -1.1237518 0.0
133383 -0.5796259 0.0
133496 0.39094833 1.0
133943 -0.15466662 0.0
133944 0.36151856 1.0
134027 -0.017142897 0.0
134036 -0.8235481 0.0
134669 -0.70269257 0.0
134694 -0.72444105 0.0
135191 -0.4955528 0.0
135420 0.2583004 1.0
135579 -0.6557702 0.0
135802 0.29928663 1.0
135914 0.02533553 0.0
135928 -0.52243197 0.0
135937 -0.82084346 0.0
135954 -1.0206577 0.0
136110 -0.3064788 0.0
136296 -0.50976485 0.0
136334 0.5197016 1.0
136634 -1.0069326 0.0
137314 0.33812293 1.0
137349 0.22599061 1.0
137360 -0.40615556 0.0
137539 -0.5590957 0.0
137616 -0.52971506 0.0
137623 -0.70350313 0.0
137625 -0.35297456 0.0
137777 -0.12163872 0.0
137844 -0.0057129534 0.0
138134 -0.035118222 0.0
138172 0.13805544 1.0
138370 -0.34529594 0.0
138422 -0.44515064 0.0
138552 -0.25737834 0.0
138640 1.1802552 1.0
138673 -0.95499754 0.0
138699 -0.6693308 0.0
138780 -0.33150902 0.0
138805 -0.043604866 0.0
138812 -0.3303443 0.0
138857 -0.019606411 0.0
138883 0.5928699 1.0
139094 0.23560353 1.0
139238 -0.97952646 0.0
139400 0.055575896 0.0
139722 -0.43521437 0.0
139875 -0.75823396 0.0
139909 -0.90761214 0.0
139911 -0.35010076 0.0
139930 1.1090307 1.0
140088 -0.7104114 0.0
140122 -0.4273251 0.0
140127 -0.5219195 0.0
140255 -0.7636645 0.0
140727 -0.35983223 0.0
140730 -0.31721747 0.0
140808 -0.48405102 0.0
140887 -0.7890713 0.0
141347 -0.47818446 0.0
141493 0.012374701 0.0
141497 -0.5352245 0.0
141593 0.5453807 1.0
141595 -0.5131584 0.0
141628 -0.64498395 0.0
141752 -0.50370324 0.0
141759 0.5035232 1.0
141830 -0.6597428 0.0
141890 -0.13151392 0.0
141981 -0.12331498 0.0
142226 0.35797527 1.0
142374 -0.46888188 0.0
143375 -0.42663884 0.0
143401 -0.27199703 0.0
143485 -0.6085927 0.0
143532 -0.89147246 0.0
143570 -0.5454419 0.0
143889 -0.50528246 0.0
143907 -0.38996604 0.0
143919 0.3332566 1.0
144067 -0.7128616 0.0
144259 -0.38340655 0.0
144268 -0.61475164 0.0
144314 -0.4848263 0.0
144321 -0.30230957 0.0
144339 -0.4325176 0.0
144526 -0.35376182 0.0
144559 -0.15533496 0.0
144846 0.01759823 0.0
144874 0.3300191 1.0
144963 -1.1183313 0.0
145027 -0.07786362 0.0
145150 -0.62335193 0.0
145242 -1.1292762 0.0
145273 -0.18818584 0.0
145425 -0.6224459 0.0
145602 -0.17820477 0.0
145633 -0.2590688 0.0
145646 0.37135455 1.0
145655 0.4079372 1.0
145750 -0.83364844 0.0
145868 0.022666797 0.0
146197 -0.8338593 0.0
146233 -0.13833113 0.0
146234 -0.35537124 0.0
146236 0.07613632 0.0
146239 -0.35064623 0.0
146473 0.09095225 0.0
146566 -0.7806788 0.0
146577 -0.94218946 0.0
146627 -0.38209736 0.0
146733 -0.81845 0.0
146755 -0.51188874 0.0
146802 -0.6532376 0.0
146844 0.49413884 1.0
146851 -0.4310258 0.0
146860 0.3250272 1.0
146936 -0.22462998 0.0
146954 -0.78954923 0.0
147021 -0.19856293 0.0
147041 -0.5189815 0.0
147084 0.9255458 1.0
147172 -1.0923158 0.0
147263 -0.70690686 0.0
147352 0.44556162 1.0
147422 -0.38687807 0.0
147512 -0.68670076 0.0
147540 0.20410295 1.0
147604 -0.5643815 0.0
147624 -0.18443742 0.0
147714 -0.8370989 0.0
147900 -0.1488278 0.0
148000 -0.2752351 0.0
148078 -0.6811597 0.0
148090 -0.397057 0.0
148490 -0.011759557 0.0
148523 -0.5840855 0.0
148538 -0.42246708 0.0
148928 -0.9048653 0.0
149023 -0.29750958 0.0
149086 -0.5425365 0.0
149126 -0.84904695 0.0
149148 -0.25577244 0.0
149283 -0.62732136 0.0
149288 -0.64426255 0.0
149296 -0.02327505 0.0
149438 -0.77791977 0.0
149878 -0.1355535 0.0
150271 0.77275544 1.0
150274 -0.3815713 0.0
150490 -0.279475 0.0
150579 -0.37764496 0.0
150594 -0.13290422 0.0
150595 -0.048547555 0.0
150683 -0.49672124 0.0
150776 -0.6983069 0.0
150779 -0.51232636 0.0
150789 -0.9442961 0.0
150808 -0.9478527 0.0
150907 -0.9256433 0.0
150912 -0.66680527 0.0
151044 0.630583 1.0
151085 -1.2019024 0.0
151126 0.055797435 0.0
151166 -0.64318186 0.0
151235 -0.9618849 0.0
151316 0.09924401 0.0
151366 -0.4438737 0.0
151378 -0.32225254 0.0
151385 -0.6531972 0.0
151406 -0.5439294 0.0
151456 -0.102406405 0.0
151460 -0.5854846 0.0
151483 0.26601568 1.0
151515 -0.8408667 0.0
151567 1.012397 1.0
151644 -0.020567909 0.0
151667 -0.5310019 0.0
151710 -0.693707 0.0
151754 -0.8629412 0.0
151761 0.04630653 0.0
151762 -0.21481746 0.0
151767 -0.2445237 0.0
151950 -0.44479924 0.0
152263 -0.56650347 0.0
152311 -0.66456217 0.0
152386 -0.4278897 0.0
152431 -0.8398726 0.0
152489 -0.25005788 0.0
152505 -0.6457531 0.0
152759 -0.3707367 0.0
152780 -0.32647273 0.0
153079 -0.22413841 0.0
153125 -0.53560346 0.0
153135 -0.7353157 0.0
153169 -0.090874605 0.0
153231 -0.6543363 0.0
153286 -0.5307754 0.0
153308 -0.6319269 0.0
153541 0.20586458 1.0
153604 -0.12360273 0.0
153624 0.04470863 0.0
153745 -0.5907031 0.0
153830 -0.27754217 0.0
153865 -0.29049012 0.0
153902 -0.7133208 0.0
153967 -0.22451052 0.0
154009 -0.4059501 0.0
154121 -0.47275758 0.0
154140 -0.5404248 0.0
154168 0.5686873 1.0
154196 0.4827599 1.0
154213 0.048563797 0.0
154219 -0.25159317 0.0
154243 -0.27519628 0.0
154290 -0.20217775 0.0
154384 -0.77250594 0.0
154393 -0.6803768 0.0
154394 -0.6035217 0.0
154406 0.66427165 1.0
154447 -0.9322709 0.0
154448 -0.4652647 0.0
154483 -0.040341787 0.0
154582 -0.3313483 0.0
154738 0.33803552 1.0
154825 -0.6029864 0.0
154884 -0.672721 0.0
155062 -0.036931094 0.0
155071 0.023466177 0.0
155078 -0.194322 0.0
155118 -0.5034584 0.0
155238 -0.5654317 0.0
155241 -0.5955894 0.0
155294 -0.27279532 0.0
155333 -0.4182609 0.0
155347 -0.26388532 0.0
155353 0.23917715 1.0
155369 -0.38553357 0.0
155398 -0.19156067 0.0
155407 -0.49344257 0.0
155443 -0.42484468 0.0
155478 -0.2853242 0.0
155488 -0.4451907 0.0
155523 -0.48597395 0.0
155577 -0.0022222437 0.0
155585 -0.121919535 0.0
155617 -0.1698051 0.0
155657 -0.6409797 0.0
155698 -0.004078527 0.0
155713 -0.52585137 0.0
155767 -0.513033 0.0
155973 0.47604278 1.0
156010 -0.35085234 0.0
156063 -0.08459866 0.0
156196 -0.012360078 0.0
156199 -0.37161672 0.0
156253 -0.42765877 0.0
156270 -0.45624757 0.0
156333 -0.23761496 0.0
156337 -0.3206469 0.0
156396 -0.54273874 0.0
156486 -0.4701686 0.0
156542 -1.200873 0.0
156591 -0.27777582 0.0
156731 -0.59786236 0.0
156865 -0.48133597 0.0
157028 -0.8682593 0.0
157079 -0.49127865 0.0
157120 0.15145192 1.0
157172 -0.44132861 0.0
157184 0.45864856 1.0
157205 0.6688034 1.0
157209 0.7729908 1.0
157215 -0.75915825 0.0
157244 -0.68710244 0.0
157422 -0.57971597 0.0
157436 0.93716425 1.0
157466 -0.2344865 0.0
157519 -0.8313264 0.0
157545 -0.34642726 0.0
157716 0.03846358 0.0
157725 0.10868578 1.0
157792 -0.32373473 0.0
157806 -0.06302402 0.0
157817 -0.9600922 0.0
157874 -0.65503794 0.0
157897 -0.8543167 0.0
157913 -0.38181567 0.0
157934 -0.40442434 0.0
157973 -0.95776993 0.0
158054 -0.47009304 0.0
158183 -0.1943473 0.0
158215 -0.5283832 0.0
158241 -0.20806131 0.0
158266 -0.9107638 0.0
158368 -0.33243072 0.0
158396 -0.57074934 0.0
158451 -0.9927681 0.0
158464 -0.6031687 0.0
158531 -1.0034298 0.0
158588 -0.75589913 0.0
158599 -0.17170739 0.0
158662 -0.63417596 0.0
158715 -0.36675182 0.0
158831 -0.12603658 0.0
158844 -0.2522514 0.0
158911 -0.22562262 0.0
159069 -0.29223293 0.0
159089 -0.8058769 0.0
159146 -0.54165775 0.0
159362 0.96212584 1.0
159389 -0.18119137 0.0
159395 -1.2272625 0.0
159448 -0.8806428 0.0
159471 -0.40064242 0.0
159480 -0.80581135 0.0
159518 -0.6576604 0.0
159520 -0.2912259 0.0
159610 -0.46380994 0.0
159653 -0.4210247 0.0
159661 -0.46295106 0.0
159688 -0.5109754 0.0
159696 -0.6294549 0.0
159724 -0.80644464 0.0
159737 -0.5355 0.0
159770 0.49101618 1.0
159777 -0.4728418 0.0
159895 0.11287134 1.0
159957 -0.6029492 0.0
159993 -0.7652591 0.0
160001 -0.10672647 0.0
160018 -0.67932504 0.0
160035 -0.39217573 0.0
160078 -0.29177228 0.0
160109 0.014883613 0.0
160170 -0.7937043 0.0
160180 -0.27647245 0.0
160248 -0.21874052 0.0
160344 -0.5735482 0.0
160347 0.24509177 1.0
160390 -0.48731637 0.0
160436 -0.38070813 0.0
160485 -0.5549131 0.0
160621 -0.46364605 0.0
160741 -0.06230847 0.0
160802 -0.3713801 0.0
160805 0.96143013 1.0
160954 -0.8481783 0.0
160975 -0.07198723 0.0
161058 -0.62848115 0.0
161067 -0.65365934 0.0
161124 -0.95641327 0.0
161147 -0.25970906 0.0
161332 -0.4856288 0.0
161347 0.31591782 1.0
161404 -0.4189601 0.0
161488 -0.19872712 0.0
161530 -0.3265073 0.0
161559 -0.21121539 0.0
161580 0.16594782 1.0
161665 -0.7836927 0.0
161686 -0.43108675 0.0
161772 -0.6572058 0.0
161815 0.26265976 1.0
161846 -0.19080508 0.0
161856 -0.5015051 0.0
161903 -0.57015413 0.0
161945 -0.5542338 0.0
161980 0.5291472 1.0
162079 -0.8099497 0.0
162086 -0.5078713 0.0
162117 -0.72353196 0.0
162139 -0.87944907 0.0
162215 -0.7306228 0.0
162254 -0.8937409 0.0
162305 -0.017383022 0.0
162307 -0.25172058 0.0
162329 0.151629 1.0
162378 -0.7046617 0.0
162418 -0.50808835 0.0
162459 -0.7307594 0.0
162508 -0.4123554 0.0
162588 0.26133707 1.0
162591 -0.22767724 0.0
162612 -0.4165724 0.0
162644 -0.22477771 0.0
162654 -0.8331335 0.0
162719 -0.21312156 0.0
162785 -0.80058736 0.0
162833 -0.49828535 0.0
162846 -0.81002176 0.0
162852 -0.48687798 0.0
162894 -0.5859851 0.0
162917 -0.5936214 0.0
162941 0.72174597 1.0
163000 0.954717 1.0
163078 -0.6605889 0.0
163165 -0.44723067 0.0
163203 -0.28970414 0.0
163307 0.14064969 1.0
163428 0.5564042 1.0
163448 -0.39240158 0.0
163480 -0.9234821 0.0
163493 0.56846225 1.0
163581 -0.03141507 0.0
163627 -0.5682663 0.0
163635 -0.21997142 0.0
163657 -0.37553322 0.0
163663 -0.33579975 0.0
163723 -0.35733593 0.0
163751 -0.07203484 0.0
163759 -0.5641589 0.0
163785 -0.4714712 0.0
163826 -0.54109067 0.0
163857 -0.4516043 0.0
163881 -0.26885027 0.0
163927 -0.64341795 0.0
163939 -0.5520265 0.0
163959 -0.38249865 0.0
163972 -0.099290974 0.0
163990 -0.80353594 0.0
163995 -0.38983196 0.0
163998 -0.27017426 0.0
164028 -0.18876156 0.0
164035 -0.2468347 0.0
164057 -0.69550294 0.0
164076 -0.48748556 0.0
164085 -0.6103818 0.0
164119 -0.6799049 0.0
164120 -0.81940675 0.0
164146 -0.471139 0.0
164151 -0.16397437 0.0
164160 0.60678315 1.0
164182 -0.31540677 0.0
164213 -1.0350925 0.0
164222 0.28430006 1.0
164228 -0.76123685 0.0
