99511 47211
44318 10003
131006 33389
159314 30531
44099 46916
96790 16739
114960 131130
114960 398
114960 83243
114960 48350
92826 33389
55970 46916
60200 31753
72034 398
76670 398
42601 125405
118453 23209
161636 125405
70555 46916
74845 46916
116211 11661
115393 129620
49644 129620
49644 47211
132968 68045
132968 39414
132968 12199
132968 115903
120486 398
120486 59285
109524 46916
120331 158711
120331 33105
11770 46916
83852 398
79538 398
3103 33105
138048 1514
155907 38014
82046 398
114168 46916
90215 33389
63575 398
75287 47211
160748 6832
70933 46916
70933 398
137656 23209
137656 47211
67344 398
11006 46916
11006 398
47867 398
62662 81374
78129 33105
153541 130081
152884 4379
76331 2103
147044 146415
118618 31582
113224 46916
113224 81374
113224 398
4485 31753
39099 23209
22425 72382
33389 142496
33389 141885
33389 89585
33389 137413
33389 122808
33389 70366
33389 46647
33389 132905
33389 77106
33389 158413
33389 77580
33389 19398
33389 123370
33389 107923
33389 53397
33389 119138
33389 94045
33389 47500
33389 147288
33389 149155
33389 18251
33389 3753
33389 87874
33389 31825
33389 158673
33389 139875
33389 5513
33389 64770
33389 150254
33389 151061
33389 155523
33389 5435
33389 153025
33389 17343
33389 137625
33389 48875
33389 151950
33389 57351
33389 118982
33389 146936
33389 115369
33389 61322
33389 49742
33389 120269
33389 40998
33389 75689
33389 31460
33389 109720
33389 155109
33389 36722
33389 115554
33389 42338
33389 53645
33389 161470
33389 20822
33389 143840
33389 114998
33389 58765
33389 99371
33389 89324
33389 121626
33389 15854
33389 157466
33389 75361
33389 109905
33389 118671
33389 99236
33389 137623
33389 48103
33389 138817
33389 41363
33389 92499
33389 147766
33389 132351
33389 100426
33389 106605
33389 150046
33389 155976
33389 75832
33389 97845
33389 82461
33389 77513
33389 78588
33389 32405
33389 59210
33389 106383
33389 138857
33389 53977
33389 124960
33389 126728
33389 155537
33389 37791
33389 57282
33389 29455
33389 7968
33389 30965
33389 119653
33389 27733
33389 155779
33389 16292
33389 97643
33389 11256
33389 116378
33389 82141
33389 10491
33389 74324
33389 44424
33389 22184
33389 39934
33389 82948
33389 7048
33389 135914
33389 115963
33389 56458
33389 9689
33389 54947
33389 117242
33389 40166
33389 13570
33389 97500
33389 4653
33389 58808
33389 23507
33389 23423
33389 117303
33389 29322
33389 114685
33389 12473
33389 119046
33389 87709
33389 96900
33389 46960
33389 809
33389 128000
33389 37499
33389 30270
33389 66252
33389 88079
33389 117676
33389 66713
33389 93400
33389 91839
33389 44311
33389 118066
33389 24560
33389 74443
33389 37116
33389 8526
33389 91496
33389 88035
33389 73423
33389 27430
33389 39799
33389 44705
33389 90245
33389 1877
33389 113093
33389 31322
33389 25608
33389 108451
33389 11526
33389 20921
33389 8758
33389 63685
13181 33105
59221 81374
59221 398
155539 23209
155893 398
125412 1237
118363 46916
136335 81374
120517 46916
151044 81374
109010 46916
109010 81374
22840 398
46799 23209
161085 38686
152372 33105
122522 46916
122522 4379
28010 125405
108453 16358
12057 398
12057 72382
15014 81374
148398 398
148398 146552
76282 46916
108914 81374
108914 10152
108914 398
80548 159669
36503 152995
4232 158599
4232 119688
4232 114476
28135 124098
28135 398
159089 129620
159089 23209
159089 47211
65329 72382
42348 47326
96441 398
115688 69957
115688 11661
67772 88676
75898 46916
99088 23209
93779 398
95907 398
73025 33105
10583 81374
3743 46916
143629 46916
143629 81374
146858 81374
119525 46916
119525 81374
158279 398
113680 23209
33972 398
12649 46916
12649 398
40344 81374
70297 45596
70297 1415
152221 100107
152221 101132
152221 95775
152221 121255
152221 92707
152221 53291
152221 127739
152221 96971
152221 123821
152221 6238
152221 115627
152221 118591
132287 398
125897 81374
147352 120289
147352 106158
102935 23209
51405 46916
51405 81374
51405 7467
51405 11661
69364 1237
131434 93204
32389 83243
69716 47211
46031 398
23863 23209
26050 62035
115855 81374
115855 20427
38239 46916
157402 111650
92937 46916
70893 398
141885 115733
120289 125405
120289 729
120289 33105
120289 67618
42665 23209
161424 62447
161424 67170
157665 46916
133488 146552
141497 33105
118974 158476
118974 95589
118974 23209
84340 398
160862 62035
160862 20678
117082 46916
98924 23209
161019 81374
161019 398
153595 398
160128 30531
54492 35909
161969 1514
161969 46916
161969 398
5056 7649
5056 28716
56890 23209
161668 11661
8612 46916
27633 46916
27633 398
152960 112417
152960 23209
152960 47211
137413 8758
131582 33105
112011 100534
112011 38437
112011 141058
112011 34810
112011 107673
123613 81374
152588 81374
152588 398
152588 4379
7137 111014
7137 161812
121279 121851
46387 46916
156010 112417
156010 23209
20894 81374
117023 145000
117023 38146
117023 5958
66048 81374
66048 161244
59681 398
109949 46916
109949 161166
109949 398
109949 72382
109949 161244
92532 46916
92532 81374
92532 398
157245 398
67999 129620
115359 398
115359 4379
115359 11661
139596 62035
139596 398
124243 17608
100534 20849
100534 158599
100534 54581
100534 23209
100534 93204
32713 125405
113918 129620
113918 23209
120841 81374
121574 129620
127286 158476
127286 158711
127286 131094
127286 100309
127286 98106
147511 111650
147511 23209
4882 46916
106111 23209
123341 46916
123341 81374
123341 398
63260 81374
63260 398
137414 72382
84201 46916
122201 81374
77773 116395
128335 3958
71099 23209
122808 23209
139969 23209
161599 11661
14413 125942
14413 128046
14413 111021
14413 27705
14413 6259
14413 82646
14413 127029
23455 81374
23455 83243
132330 140512
140349 23209
151515 31753
151515 30531
71239 46916
62959 46916
135765 81374
24676 46916
24676 81374
138253 95589
138253 121851
138253 47211
118155 130081
118155 94227
151534 81263
20037 158711
19678 398
32817 398
56848 81374
56848 398
17632 23209
84380 130081
70366 129620
48962 46916
139904 46916
139904 81374
139904 398
2589 46916
137414 46916
129449 112417
156896 46916
156896 398
156896 4379
156896 11661
143280 81374
143280 398
161312 20427
67511 81374
9955 31753
91181 81374
91181 398
34754 81374
79866 46916
79866 398
30637 398
103126 81374
103126 398
123103 81374
98286 81374
160930 46916
160930 398
95570 81374
125592 129620
22837 46916
81541 95589
144132 81374
144132 69957
156717 46916
156717 81374
48680 81374
7260 398
60402 398
140956 23209
114642 117151
97094 81374
83874 81374
13967 46916
69374 46916
115696 31753
66938 398
47749 398
46647 158476
46647 23209
70578 81374
153630 1237
121336 112417
80368 46916
80368 398
64255 81374
64255 398
49381 81374
46492 46916
59268 25859
136829 46916
136829 398
141607 81374
16874 46916
16874 81374
16874 398
16874 39268
60489 398
153624 125405
158662 81374
100299 23209
33547 81374
46936 398
22805 98106
123220 46916
2285 136945
2285 23209
319 48103
319 33105
157981 23209
49724 81374
113865 46916
113865 398
121476 46916
119524 46916
119524 398
110498 46916
35394 398
139268 81374
149300 128046
114105 46916
114105 81374
114105 4379
97669 6881
132355 33105
116375 33105
92535 23209
131696 398
77106 33105
77106 10003
77106 8739
136130 398
71745 23209
101288 136945
63437 23209
158071 140512
146473 23209
111014 119138
111014 156817
111014 117217
111014 114972
111014 105061
111014 35009
111014 117529
111014 37512
114672 47211
109451 81374
84203 398
116192 46916
161464 2832
153245 31753
97285 46916
97285 398
97285 21460
161857 11661
67076 130180
67076 33105
67076 23209
64591 398
72200 33105
7391 81374
7391 398
74353 81374
41556 398
111985 398
139730 1237
129808 39268
85420 398
100107 72382
105076 398
112478 42083
112478 23209
88743 398
78126 17907
106158 23209
84649 33105
34420 23209
37954 81374
124392 398
90793 95589
120968 81374
94302 398
47163 81374
60107 398
107466 33105
73086 150272
85184 23209
3958 125405
124888 81374
105053 46916
14421 398
37816 2832
66930 398
153604 2832
22534 46916
116233 11661
75049 33105
40062 81374
68325 48630
160088 398
6881 94341
6881 126975
6881 15196
6881 88703
6881 93443
6881 19589
6881 25287
6881 3776
6881 150046
6881 111835
6881 81860
6881 160074
6881 146315
6881 6
6881 5977
6881 24885
66435 46916
66435 81374
66435 398
66435 59285
65355 46916
55734 125405
55734 33105
55734 2832
1514 125981
1514 88703
1514 6759
1514 112488
1514 6809
1514 122901
1514 114718
1514 14971
1514 139090
1514 93400
1514 41111
16176 2832
20942 23209
47875 398
47875 146552
25001 125405
147551 398
13297 23209
73883 398
141818 398
46462 398
111158 125405
101706 19017
32648 46916
62377 398
24129 398
87323 46916
81981 23209
49277 398
132459 125405
132459 117847
132459 158711
132459 111650
132459 23209
124995 46916
42347 46916
135656 398
56322 81374
82761 46916
156649 81374
145000 42398
109348 81374
111273 46916
111273 81374
41236 81374
115760 46916
115760 398
6950 46916
98851 46916
98851 81374
98851 398
2125 128046
79920 119138
145874 398
26234 398
113157 23209
151330 398
7597 125405
66764 117847
106666 81374
11147 2832
148403 81374
158885 23209
148879 81374
153178 398
118667 398
121237 398
77829 33105
77829 23209
95246 46916
44248 23209
44248 72382
26225 23209
15222 398
57205 398
104045 117012
91254 23209
132959 46916
99518 23209
54390 30531
136842 23209
10575 81374
121649 33105
95161 46916
19017 135579
19017 41167
19017 154371
19017 89725
19017 77027
19017 39227
19017 30688
19017 11661
19017 2817
19017 70512
30513 46916
45371 81374
98210 136945
98210 33105
98210 23209
98210 47211
5379 23209
95395 398
60701 81374
93031 398
149315 23209
71522 398
158756 398
116628 46916
388 46916
110938 81374
156728 110993
89527 125405
89527 398
14390 61820
14390 100782
97390 33105
3696 23209
114097 398
60534 46916
60534 128046
6432 46916
123370 125405
33817 23209
23663 81374
8055 81374
138812 31753
138812 23209
104464 398
112261 46916
112261 72382
114980 47211
35563 109866
35563 46916
102102 46916
102102 81374
119285 23209
94723 38146
152771 398
156582 47211
156582 1237
46828 115544
13829 398
55174 23209
55174 47211
156775 149883
156775 112417
156775 31685
156775 146971
87556 81374
87556 398
119137 398
113146 46916
123294 61354
91463 46916
91463 398
61217 46916
132631 46916
63339 46916
46798 46916
129895 398
148538 33105
148538 23209
157244 79586
94921 23209
151043 398
128619 155016
128619 23209
128619 77162
125405 154700
125405 158285
125405 60938
125405 125646
125405 6561
125405 124193
125405 140055
125405 91010
125405 155031
125405 16655
125405 157554
125405 42338
125405 161470
125405 77772
125405 148393
125405 122221
125405 99236
125405 101126
125405 120828
125405 143644
125405 145750
125405 103052
125405 135420
125405 142733
125405 69708
125405 9068
125405 120104
125405 60031
125405 157715
125405 73894
125405 60657
125405 154243
125405 54844
125405 90189
125405 23209
125405 39934
125405 131917
125405 154255
125405 46273
125405 117209
125405 68397
125405 31103
125405 101598
125405 54287
125405 26779
125405 52292
125405 74800
125405 155071
125405 47293
125405 57718
125405 68902
125405 45807
125405 118437
125405 110494
125405 22496
125405 113161
125405 94987
125405 62509
125405 44123
125405 79547
125405 113167
125405 119504
146002 129620
146002 23209
115544 53028
115544 14068
115544 158559
115544 108451
74442 81374
14921 23209
30707 81374
50556 398
15998 81374
70255 398
107923 47211
76084 46916
44731 81374
19914 81374
19914 72382
122668 81374
122668 398
40692 72382
52989 46916
47154 398
81103 32044
16880 111650
155062 46916
155062 81374
155062 398
94341 129620
94341 111650
94341 5958
94341 30531
86588 46916
86588 81374
86588 398
86588 4379
62263 81374
62263 398
159033 23209
97546 23209
151813 46916
151813 81374
68000 81374
153469 129620
118681 115733
118681 18578
48627 46916
136265 72373
111937 11661
113838 81374
20849 57644
20849 142903
20849 47211
20849 17907
93276 398
136945 85557
136945 74280
136945 122390
136945 113309
136945 161128
136945 77343
136945 23008
136945 23209
136945 57910
136945 66962
136945 36210
136945 84310
136945 46960
136945 12018
136945 117676
136945 11526
136945 59764
114661 398
118848 398
116374 23209
130415 46916
106505 46916
106505 81374
99846 23209
121554 116699
9902 81374
56388 46916
85817 398
130783 81374
57677 129620
114749 25859
114749 8758
40389 62035
90635 398
85579 109866
113129 158476
38879 81374
92894 33105
153435 15537
12179 398
55220 81374
32546 81374
31436 46916
31436 47326
31436 398
31436 21460
117312 31753
118718 54581
118718 23209
136744 67296
97207 29575
107183 23209
137398 62035
137398 398
33718 398
128949 46916
128949 4379
66244 46916
141816 33105
7786 398
83309 46916
83309 81374
160909 46916
160909 398
160909 11661
111193 81263
111193 43657
111193 161812
53397 31582
34871 46916
60056 23209
60056 47211
119138 79586
119138 48630
119138 159669
119138 2263
119138 49777
119138 115733
119138 23209
119138 33936
119138 7153
119138 1237
27121 398
87202 33105
19574 23209
19574 72382
19574 2832
60620 33105
116329 23209
56143 46916
105420 46916
51431 81374
149504 46916
94045 23209
138377 33105
125888 398
116286 23209
58308 2832
4186 23209
114444 23209
142878 398
156542 398
107082 47211
124323 46916
53185 46916
53185 128046
53185 81374
62204 398
96481 81374
147577 46916
2153 46916
94614 398
74861 20167
119188 398
148473 398
38177 47211
134387 46916
134387 125836
34506 23209
58588 46916
58588 81374
23707 2263
95602 23209
32927 46916
58795 39268
140520 398
36770 11661
81443 33105
26578 46916
75126 81374
91981 398
10434 23209
124920 117847
140552 46916
158990 398
132955 398
56672 23209
149155 118243
149155 157393
151480 398
23424 7080
157207 398
7841 398
18512 398
145580 46916
145580 81374
76984 398
132418 398
142718 398
160485 23209
11748 81374
11748 398
18251 31753
109014 398
24683 398
125582 46916
125582 81374
34652 46916
99591 33105
65829 47211
56193 46916
159480 23209
76689 16739
119133 117847
74929 46916
144205 81374
3753 16739
3753 150272
75542 46916
148000 23209
118352 23209
99768 46916
99768 398
102702 47211
5144 81374
66079 81374
66079 398
66079 4379
67299 100338
67299 31888
67299 46916
67299 398
67299 83243
117847 51725
117847 132856
117847 54470
117847 48630
117847 111527
117847 114816
117847 155577
117847 94188
117847 117852
117847 6228
117847 80446
117847 144465
117847 101598
117847 38959
117847 86379
117847 16941
117847 5749
44284 11661
79170 23209
7269 47211
25607 23209
4098 81374
44256 81374
44256 398
58524 46916
118466 16739
118466 47211
4021 46916
94432 46916
94432 398
25885 398
7351 46916
95755 81374
95755 20678
95755 7907
31090 46916
88242 2832
88242 1237
87093 398
161580 398
70296 47211
91840 38487
50895 398
159094 158711
159094 33105
159094 100309
159094 29396
129636 38146
94812 23209
42103 76598
12229 398
109866 129728
109866 40826
109866 112496
109866 40729
109866 128895
109866 125628
109866 131475
109866 88760
109866 23637
109866 67074
109866 97752
109866 117471
109866 113279
109866 47064
109866 49506
109866 46057
109866 13785
109866 88289
109866 79897
109866 71547
109866 398
109866 89725
109866 28318
109866 83243
109866 70228
109866 50426
109866 20087
109866 70904
109866 81301
109866 66373
109866 38160
15162 398
140730 129168
140730 100258
140730 98782
56059 46916
11943 23209
118501 112417
118501 23209
19470 23209
35715 398
24057 81374
152376 81374
119820 69957
125672 81374
14202 398
108366 81374
130685 46916
130685 398
159698 398
160390 112417
32144 46916
50625 48630
45182 47211
65842 398
73812 81374
73812 398
73812 69957
73812 4379
57389 81374
82222 398
86403 23209
34542 23209
129728 46916
129728 81374
129728 398
129728 146552
129728 39268
47199 125936
47199 41894
47199 97391
36784 398
40799 81374
31059 81374
141931 23209
141931 77162
44756 81374
154604 398
158058 46916
158058 398
161724 398
132824 81374
134151 398
158831 38146
117560 23209
117560 47211
154399 47211
69572 81374
157153 158476
157153 158711
157153 158367
158476 158711
158476 129421
158476 158367
158476 117636
158476 160018
158476 62923
158476 38572
158476 9689
158476 64371
158476 56176
158476 74800
158476 51176
158476 45807
158476 61897
82755 46916
97611 46916
97611 115976
97611 81374
97611 398
115887 46916
36628 81374
124073 54581
100338 46916
100338 81374
100338 60684
100338 72382
100338 51605
12233 46916
65487 23209
33173 81374
139407 33105
120958 46916
120958 81374
76544 398
28839 161416
150109 72382
145150 83243
60093 398
78051 81374
87174 46916
58735 158367
29020 48759
96479 129620
137819 81374
147760 81374
115703 23954
115703 14794
115703 119653
75251 81374
156152 46916
124875 23209
136400 81374
136400 62035
68484 398
155241 130081
155241 54581
155241 77162
115815 54581
95643 21995
76807 62035
76807 4379
41199 398
110607 23209
106181 33105
12683 81374
12683 398
62579 46916
93509 23209
103904 46916
103904 398
103904 64340
104487 398
36139 81374
36139 398
135113 46916
135113 398
103800 398
116198 81374
102171 398
61820 30531
54203 23209
97595 398
74378 1237
130081 161186
130081 138323
130081 12428
130081 86281
130081 147041
130081 76048
60895 398
133329 46916
134176 398
94436 23209
94436 2832
114022 62035
114022 398
108211 111650
12211 398
114358 46916
114358 398
15196 101688
141706 23209
7976 398
18508 46916
107395 398
113301 46916
32729 398
71765 398
68655 23209
157796 23209
96016 23209
114397 398
48498 398
135579 17608
124016 38146
13765 43437
120141 23209
140850 23209
21383 72382
57115 46916
57115 81374
56349 46916
56349 81374
56349 398
122334 398
156029 46916
156029 81374
156029 11661
144600 46916
96611 46916
96611 81374
96611 398
96611 39268
161263 99440
161263 157897
161263 93763
161263 83773
161263 75779
10785 46916
85084 46916
69069 83243
103428 23209
114822 398
34951 398
87297 398
69199 398
57925 81374
29757 81374
6694 46916
6694 398
71725 81374
115744 11661
132532 33105
29375 23209
44088 46916
25598 47211
97110 398
7030 81374
134553 46916
32274 46916
120550 33105
158711 158367
158711 133218
158711 159792
158711 137576
158711 23209
158711 92024
158711 100309
158711 87542
91104 23209
53459 11661
59611 30531
14864 23209
45712 33105
95259 81374
6561 23209
122460 46916
150275 46916
150275 398
72114 46916
126841 1237
124193 81263
124193 43657
124193 23209
124193 2832
124193 1237
56717 46916
48457 81374
139240 124490
5419 23209
69639 398
28495 81374
28495 398
156789 72382
106287 46916
19661 398
41515 46916
107283 23209
110766 46916
119796 398
147300 81374
147300 11661
88703 2263
116626 81374
126634 46916
47783 81374
47783 398
153587 398
157735 23209
144559 31753
39414 59285
9533 1237
73377 398
105717 92024
117682 81374
94359 398
81533 46916
119939 46916
119939 398
119939 146552
119939 4379
38475 398
113770 398
88941 4379
121014 398
99440 33105
29609 81374
92463 54581
21684 72080
94397 81374
5052 46916
99464 47211
99464 1237
103737 23209
20257 398
48771 81374
135191 46916
135191 398
135191 83243
103122 46916
103122 81374
98619 398
160170 54581
160170 23209
103467 46916
103467 398
102415 81374
45800 23209
33855 81374
33855 398
82331 46916
82331 398
79586 129421
79586 114476
79586 26693
79586 155259
79586 80394
79586 59056
79586 77993
79586 93204
79586 15290
72705 398
68256 54581
68256 33105
68256 23209
127326 46916
127326 72382
127326 11661
91185 398
117902 398
10566 23209
30284 46916
18196 46916
66492 46916
132376 2832
40925 398
26273 46916
26273 11661
32726 46916
32726 81374
72867 46916
129683 46916
30714 398
87654 31582
94740 398
106699 81374
106699 398
106699 39268
53556 81374
107877 46916
85665 46916
85665 398
103142 23209
153543 398
119627 398
119627 11661
54470 112417
54470 117012
54470 38146
89769 398
34470 70359
5513 23209
25040 81374
26067 46916
26067 11661
126923 11661
90230 81374
10708 46916
111989 126920
111989 16292
111989 64836
111989 23209
40826 81374
92668 23209
108757 23209
126704 115976
106340 46916
106340 81374
106340 398
106340 4379
103730 81374
103730 398
13165 46916
13165 398
96868 81374
95589 141339
95589 159990
95589 123879
95589 130766
95589 160344
95589 122390
95589 98858
95589 161479
95589 101862
95589 143485
95589 135420
95589 68315
95589 67302
95589 71864
95589 34301
95589 37302
95589 91532
95589 140515
95589 67327
95589 74495
95589 78260
95589 38759
95589 4655
95589 37828
95589 63297
95589 16915
137770 108225
63290 54581
63290 31753
63290 23209
63290 47211
61229 46916
61229 398
96407 46916
96407 398
114344 23209
45047 81374
64002 23209
116890 155016
113742 398
139888 33105
56644 398
61270 23209
161230 11661
55068 398
133568 46916
113683 81374
58930 81374
91010 23209
41635 23209
55192 72382
105669 23209
93676 23209
64587 23209
37529 398
119381 46916
119381 125836
46001 23209
117091 46916
61577 398
157390 81374
157390 398
121783 46916
138422 398
159808 11661
143435 398
48052 23209
159578 398
68005 23209
153087 46916
123765 129620
160066 46916
160066 81374
91521 33105
91521 23209
58752 398
69680 398
96568 8758
28031 398
85010 23209
89522 39268
64932 46916
122732 23209
121627 46916
121627 81374
108625 398
117883 398
19514 81374
41594 398
13397 81374
154600 46916
154600 128046
57834 112417
25527 46916
60676 46916
60676 398
160577 81374
9076 81374
9076 398
58716 46916
58716 398
144603 398
92659 46916
92659 81374
23403 46916
54689 46916
54689 81374
72621 23209
9998 111650
119094 75169
70416 81374
32250 398
5735 158491
5735 115733
23955 46916
23955 81374
23955 398
14278 29747
14278 398
14278 92857
13991 46916
78657 46916
156621 111650
147676 83243
91101 398
161846 81374
83273 398
48005 23209
41619 81374
94306 46916
105617 118612
105617 81374
105617 57145
105617 4379
105617 132059
105617 33944
105617 98890
116820 46916
162288 398
51139 72382
62175 81374
62175 398
120456 23209
96577 398
10181 23209
72318 398
124114 81374
62407 23209
39228 46916
52096 1237
89643 23209
17987 81374
56996 23209
11306 46916
82223 4379
38713 46916
126970 398
3112 46916
95224 398
88682 81374
88682 398
116695 39268
15554 46916
5418 398
17896 23209
11178 398
115926 23209
155523 33105
155523 23209
9030 81374
112496 81374
62752 81374
93443 398
126191 46916
126191 72382
126191 4379
126191 11661
17568 398
73138 23209
115832 11661
2990 23209
81763 46916
81763 81374
17343 23209
95681 46916
114555 398
160262 398
77125 33105
77125 23209
77125 47211
116956 54581
118914 398
155031 23209
108245 398
146316 398
161609 33105
122613 46916
130749 23209
130749 47211
148324 38146
62715 129620
99717 398
56639 398
116383 23209
136653 77162
33749 111650
119764 81374
119764 398
112025 81374
112025 398
28974 81374
28974 398
21610 81374
21610 83243
97210 46916
97210 146552
155578 23209
144223 11661
154009 121257
147965 146552
92339 54581
28541 81374
59844 23209
98926 23209
19589 46916
19589 81374
19589 4379
69893 125836
79260 398
61363 54581
38588 398
21208 47211
43063 31753
106870 46916
95674 46916
138403 129620
113294 46916
113294 398
9630 23209
12923 46916
6936 23209
87284 23209
87284 98106
13461 54581
39626 46916
117260 23209
3353 46916
14977 81374
14977 398
146851 46916
146851 128046
146851 81374
146851 11661
38437 46916
38437 149010
38437 398
40133 46916
160397 398
20465 23209
146260 46916
146260 81374
146260 398
58886 46916
15958 46916
136328 23209
33642 46916
141832 398
92400 23209
116534 46916
94832 398
117485 398
117485 11661
82383 81374
97232 398
97232 69957
139930 33105
139930 23209
96743 33105
134271 97830
134271 48630
134271 31753
97830 49777
48875 33105
48875 23209
119928 398
46916 133493
46916 50899
46916 160070
46916 40729
46916 54449
46916 34026
46916 39325
46916 87997
46916 5340
46916 38764
46916 57213
46916 59701
46916 101392
46916 96246
46916 25540
46916 96924
46916 130941
46916 103951
46916 63058
46916 33468
46916 14004
46916 71826
46916 113316
46916 44288
46916 108612
46916 94686
46916 86071
46916 127277
46916 153519
46916 131475
46916 19648
46916 100431
46916 47838
46916 52462
46916 43492
46916 121749
46916 73365
46916 91035
46916 48398
46916 102593
46916 152874
46916 27497
46916 152733
46916 11088
46916 88760
46916 159474
46916 98010
46916 135604
46916 140473
46916 46332
46916 31329
46916 28471
46916 161623
46916 80563
46916 70800
46916 158193
46916 55459
46916 14299
46916 118113
46916 9842
46916 81539
46916 141203
46916 123811
46916 101999
46916 106853
46916 62458
46916 90195
46916 13177
46916 74850
46916 141899
46916 40544
46916 61972
46916 45682
46916 117774
46916 59456
46916 149276
46916 117410
46916 25759
46916 134243
46916 153023
46916 119042
46916 68583
46916 98883
46916 109991
46916 57652
46916 138830
46916 69934
46916 125836
46916 150518
46916 61587
46916 105016
46916 60133
46916 29948
46916 107734
46916 150330
46916 88745
46916 158072
46916 46261
46916 17502
46916 116837
46916 52314
46916 146594
46916 58208
46916 29964
46916 88676
46916 136527
46916 129783
46916 142288
46916 130042
46916 158957
46916 108111
46916 37370
46916 10651
46916 104892
46916 10018
46916 144501
46916 59033
46916 137576
46916 92528
46916 41476
46916 115976
46916 105566
46916 159645
46916 118673
46916 39281
46916 89193
46916 156253
46916 54584
46916 83381
46916 8590
46916 48647
46916 81374
46916 103464
46916 78093
46916 117937
46916 98379
46916 37777
46916 117201
46916 107879
46916 34024
46916 11683
46916 121744
46916 101422
46916 45732
46916 91236
46916 160458
46916 117293
46916 155233
46916 75203
46916 3858
46916 129798
46916 113860
46916 37809
46916 74366
46916 46507
46916 121603
46916 40978
46916 107603
46916 130889
46916 76277
46916 160333
46916 115298
46916 51370
46916 60684
46916 134250
46916 150162
46916 59002
46916 113787
46916 23135
46916 90597
46916 158275
46916 61442
46916 56263
46916 50686
46916 42356
46916 4769
46916 127739
46916 24271
46916 137609
46916 49708
46916 109257
46916 122633
46916 118180
46916 23832
46916 54537
46916 40695
46916 98443
46916 136282
46916 4364
46916 149880
46916 37843
46916 16393
46916 117202
46916 104822
46916 31231
46916 42205
46916 132593
46916 68676
46916 24563
46916 122343
46916 156486
46916 97470
46916 88892
46916 23127
46916 156223
46916 83796
46916 136898
46916 88719
46916 52555
46916 83791
46916 125404
46916 16259
46916 34609
46916 108293
46916 117200
46916 51087
46916 116547
46916 30344
46916 87402
46916 89088
46916 85168
46916 11914
46916 51309
46916 161344
46916 110608
46916 60811
46916 18594
46916 13785
46916 55741
46916 48789
46916 82157
46916 11555
46916 45332
46916 112843
46916 36402
46916 153297
46916 148004
46916 49195
46916 77622
46916 48152
46916 6704
46916 25035
46916 87343
46916 42639
46916 99021
46916 96921
46916 37083
46916 7275
46916 30433
46916 16439
46916 77236
46916 115722
46916 23567
46916 143916
46916 52318
46916 113365
46916 71621
46916 113913
46916 130003
46916 21040
46916 82484
46916 156357
46916 116494
46916 70087
46916 86095
46916 61213
46916 16190
46916 69937
46916 161719
46916 97200
46916 109051
46916 77390
46916 61042
46916 152436
46916 109142
46916 38028
46916 150262
46916 158706
46916 122106
46916 118617
46916 113952
46916 155713
46916 124819
46916 105460
46916 60709
46916 104652
46916 103180
46916 52858
46916 90580
46916 125100
46916 99497
46916 100202
46916 119889
46916 119331
46916 48008
46916 55081
46916 101541
46916 58006
46916 874
46916 16658
46916 10805
46916 82179
46916 114933
46916 161685
46916 48939
46916 41360
46916 79592
46916 67408
46916 65649
46916 97834
46916 63229
46916 156608
46916 61354
46916 72064
46916 33773
46916 25193
46916 44402
46916 52216
46916 33785
46916 134924
46916 17661
46916 57299
46916 2510
46916 88156
46916 77677
46916 92852
46916 46546
46916 150507
46916 58328
46916 65719
46916 73811
46916 7356
46916 72045
46916 58126
46916 43005
46916 64328
46916 61592
46916 56995
46916 159262
46916 9434
46916 36159
46916 128941
46916 53098
46916 40600
46916 108655
46916 126962
46916 42238
46916 113082
46916 21410
46916 110681
46916 16999
46916 24328
46916 27502
46916 12731
46916 66535
46916 49986
46916 87690
46916 98195
46916 10615
46916 78473
46916 53813
46916 59878
46916 101045
46916 75112
46916 86508
46916 61813
46916 40628
46916 68641
46916 68136
46916 67893
46916 91868
46916 99186
46916 6206
46916 62228
46916 38202
46916 25496
46916 101907
46916 14119
46916 85773
46916 65764
46916 138780
46916 67879
46916 370
46916 102902
46916 36738
46916 58394
46916 19691
46916 157028
46916 80501
46916 78248
46916 69797
46916 19173
46916 5843
46916 129617
46916 64961
46916 155262
46916 16338
46916 88640
46916 80768
46916 36632
46916 14938
46916 82709
46916 75195
46916 88618
46916 69535
46916 17746
46916 56791
46916 81543
46916 57263
46916 27418
46916 115315
46916 160055
46916 35345
46916 19483
46916 64602
46916 24927
46916 32344
46916 19518
46916 105367
46916 147773
46916 37869
46916 8737
46916 67061
46916 34393
46916 46693
46916 19517
46916 2970
46916 66130
46916 114209
46916 5395
46916 118939
46916 141628
46916 41898
46916 161745
46916 74641
46916 14989
46916 66045
46916 1679
46916 56495
46916 3347
46916 73517
46916 27934
46916 49903
46916 50897
46916 73710
46916 146219
46916 1935
46916 46963
46916 260
46916 81597
46916 100946
46916 121200
46916 89845
46916 113295
46916 64804
46916 48245
46916 47119
46916 65131
46916 46068
46916 73088
46916 41182
46916 81264
46916 93138
46916 1241
46916 64340
46916 31760
46916 30910
46916 12617
46916 124291
46916 55810
46916 55119
46916 48381
46916 768
46916 58551
46916 66956
46916 94252
46916 13138
46916 85273
46916 61851
46916 10101
46916 2002
46916 21781
46916 51715
46916 98663
46916 16773
46916 22918
46916 77504
46916 160755
46916 13060
46916 62280
46916 33596
46916 104947
46916 35630
46916 2131
46916 33380
46916 70042
46916 47159
46916 12328
46916 86039
46916 570
46916 66551
46916 105352
46916 27382
46916 119218
46916 83243
46916 125407
46916 43054
46916 75022
46916 32841
46916 124273
46916 62088
46916 14035
46916 39227
46916 5288
46916 114912
46916 116765
46916 1016
46916 6153
46916 12645
46916 86376
46916 90817
46916 19976
46916 113851
46916 99294
46916 28466
46916 51582
46916 49018
46916 37272
46916 59628
46916 45375
46916 44142
46916 4379
46916 19269
46916 127145
46916 21008
46916 66394
46916 122086
46916 17708
46916 7972
46916 12059
46916 83932
46916 77135
46916 71970
46916 11502
46916 8843
46916 128014
46916 125484
46916 74932
46916 55931
46916 71882
46916 63886
46916 34810
46916 73990
46916 35756
46916 50426
46916 68949
46916 18103
46916 73957
46916 139787
46916 2115
46916 54607
46916 39268
46916 48119
46916 34107
46916 172
46916 65678
46916 22198
46916 7396
46916 18765
46916 101348
46916 123612
46916 17015
46916 47354
46916 31017
46916 12450
46916 30478
46916 101748
46916 6817
46916 119473
46916 58285
46916 22033
46916 23085
46916 43507
46916 132887
46916 144218
46916 64342
46916 8417
46916 12199
46916 114226
46916 62853
46916 39344
46916 57924
46916 104519
46916 48183
46916 20087
46916 44929
46916 63034
46916 54117
46916 2116
46916 19205
46916 80343
46916 78364
46916 74181
46916 37720
46916 28421
46916 145273
46916 25325
46916 47723
46916 28700
46916 90006
46916 36250
46916 67570
46916 95
46916 33369
46916 22904
46916 1992
46916 64922
46916 38071
46916 116688
46916 85211
46916 131510
46916 60704
46916 37704
46916 11650
46916 29040
46916 48579
46916 22907
46916 55205
46916 82495
46916 149169
46916 86036
46916 158793
46916 10938
46916 26610
46916 65137
46916 160799
46916 70173
46916 101624
46916 4293
46916 100319
46916 7587
46916 30868
46916 39066
46916 49279
46916 40615
46916 110458
46916 61407
46916 56009
46916 3686
46916 32885
46916 79098
46916 37611
46916 99766
46916 110313
46916 118814
46916 87267
46916 7548
46916 34958
46916 44421
46916 48949
46916 143215
46916 50552
46916 49004
46916 81055
46916 43596
46916 77207
46916 57578
46916 100785
46916 31597
46916 47887
46916 4033
46916 47994
46916 23547
46916 45612
46916 41831
46916 18617
46916 81862
46916 14288
46916 129630
46916 38224
46916 33944
46916 150593
46916 28002
46916 91496
46916 61603
46916 83252
46916 20505
46916 136804
46916 147446
46916 11896
46916 59697
46916 71606
46916 76477
46916 76784
46916 111163
46916 112807
46916 77283
46916 54342
46916 113359
46916 48510
46916 25784
46916 54822
46916 25659
46916 48874
46916 63130
46916 69799
46916 67370
46916 81526
46916 117477
46916 69124
46916 121757
46916 63556
46916 103881
46916 48022
46916 35018
46916 63131
46916 114141
46916 84860
46916 95605
46916 34366
46916 117960
46916 94310
46916 125685
46916 131019
46916 101477
46916 60210
46916 16460
46916 80704
46916 18179
46916 59193
46916 39439
46916 68010
46916 75474
46916 18348
46916 35739
46916 12773
46916 56610
46916 50392
46916 150907
46916 29428
46916 102580
46916 40066
46916 16444
46916 72288
46916 66913
46916 87783
46916 42126
46916 67052
46916 59042
46916 104349
46916 6162
46916 82475
46916 48307
46916 66088
46916 71200
46916 67508
46916 80726
46916 64279
46916 10073
46916 20215
46916 24982
46916 32492
46916 29110
46916 40487
46916 19223
46916 28236
46916 25388
46916 41194
46916 9632
46916 115932
46916 29125
46916 24695
46916 118266
46916 55281
46916 7544
46916 42457
46916 71127
46916 71492
46916 71051
46916 59304
46916 119179
46916 74763
46916 51602
46916 40429
46916 28210
46916 69488
46916 26893
46916 82498
46916 74650
46916 44527
46916 364
46916 40024
46916 66714
46916 11290
46916 136886
46916 7978
46916 66830
46916 62827
46916 58577
46916 157205
46916 44237
46916 70076
46916 25080
46916 31915
46916 90465
46916 136031
46916 61764
46916 15370
46916 137396
46916 72292
46916 78695
46916 71331
46916 26014
46916 71544
46916 15091
46916 39017
46916 69473
46916 19909
46916 69733
46916 63213
46916 106646
46916 93946
46916 29407
46916 87067
158599 114741
158599 118753
158599 97585
109215 398
41526 54581
57389 398
2402 398
161968 11661
50899 398
50899 69957
99537 398
28766 11661
29154 398
72926 81263
160070 398
40729 81374
40729 398
94277 81374
118442 398
141530 125836
65503 11661
160711 81374
54449 398
74280 23209
39325 128046
39325 2263
39325 398
39325 72382
55678 81374
55678 398
62475 398
128895 81374
75674 81374
75674 11661
127995 72382
27714 81374
99333 81374
19997 23209
137112 22279
38764 81374
38764 398
108321 23209
152072 33105
141472 62035
16739 111886
16739 37935
16739 58808
16739 1237
123104 81374
123104 398
144562 398
124830 81374
124830 398
56867 398
159983 32387
159983 33105
156517 398
142716 47211
130036 23209
46971 23209
106989 398
57213 398
98750 33105
84927 398
114676 33105
59701 398
95301 47211
146288 398
138844 81374
138844 398
125473 23209
56543 81374
125825 11661
141790 11661
130941 81374
130941 4379
115864 398
160894 11661
52984 398
26426 31753
68695 398
117134 39268
96381 129620
109256 137576
63058 81374
33468 81374
33468 398
33468 146552
126149 398
159058 398
14004 81374
64524 7467
126700 398
131163 128046
98793 38146
135670 28466
121569 83243
68448 81374
115706 23209
113316 398
25258 33105
64997 23209
139629 398
94686 398
115370 23209
86867 43657
124241 398
61148 23209
109508 76598
156308 81374
119868 81374
139567 81374
81089 81374
127277 88156
131475 81374
131475 398
131475 83243
131475 4379
131923 129620
85020 33105
117412 33105
73857 81374
100532 81374
126064 398
19648 81374
19648 398
64351 23209
28082 398
100431 398
117875 23209
31865 76598
37406 73985
157393 58491
157393 102675
49017 72382
70530 111650
75311 23209
110887 23209
48630 125839
48630 161470
48630 109976
48630 119994
48630 16358
48630 97585
48630 148034
48630 4268
48630 58808
48630 40915
48630 71662
48630 159661
48630 13436
48630 37512
48630 82842
48630 63297
15764 81374
160001 23209
160001 93204
20541 23209
73525 398
75689 1237
106422 111650
121257 2832
94535 398
12864 398
88531 81374
142547 81374
136296 31582
151325 398
115064 10003
140576 81374
38497 47211
62562 398
92209 398
123936 398
105718 81374
131929 33105
154580 23209
48398 398
48398 146552
153558 72382
161665 4379
161665 39268
161665 11661
119688 23209
38042 23209
103618 81374
24246 81374
62823 23209
31140 1237
155109 1237
130439 81374
55773 81374
4521 398
115164 23209
126386 398
61507 398
61507 21008
116957 76598
116957 33105
161793 47211
68790 23209
153486 41268
83967 23209
113382 23209
11088 81374
4711 398
50870 76598
50870 23209
152315 398
19222 69957
85195 31753
158367 161470
158367 160018
158367 122286
158367 46758
158367 118924
158367 97404
158367 134439
158367 113636
158367 51172
101989 398
125770 398
59284 398
115554 54581
115554 23209
88760 148323
88760 398
88760 124291
75012 398
153135 81374
153135 398
153135 4379
142975 23209
42338 47211
126965 39268
69336 398
128046 150330
128046 114051
128046 81374
128046 139098
128046 115350
128046 118812
128046 132333
128046 39582
128046 45286
128046 126423
128046 41410
128046 74454
128046 89425
128046 162137
128046 132628
128046 105932
128046 151896
128046 67376
128046 50884
97774 398
57447 398
57447 146552
4569 23209
117240 111650
79372 1237
99612 23209
98010 81374
98010 398
102599 62035
61911 23209
140473 11661
34557 112417
34557 38146
160560 23209
160560 47211
105777 129620
56083 23209
151230 398
68823 398
55691 33105
3053 23209
161470 23209
161470 38146
161470 1237
87982 398
20822 23209
28471 398
149507 398
86990 81374
86990 398
47397 30531
153456 23209
121984 398
77202 23209
12531 398
151585 81374
70800 81374
70800 398
107379 81374
132186 81374
68344 150272
100605 38146
125047 23209
125047 1237
158193 398
85255 129620
58822 11661
48706 47211
48024 23209
55459 398
55459 69957
55459 4379
136627 23209
57917 81374
71507 129620
42083 136496
42083 9689
42083 10003
42083 17359
97622 33105
97622 77162
57484 398
14299 11661
113948 398
113948 69957
114741 150272
114741 23209
53053 398
120256 120614
118537 11661
101837 23209
9842 81374
81539 81374
111021 68082
111021 20087
59868 76598
20075 398
67263 398
162381 81374
48417 81374
83026 398
107874 398
83504 81374
72184 23209
141203 81374
117636 23209
54115 23209
86824 93204
106853 81374
48710 398
62458 81374
62458 398
22152 69957
22430 31753
18932 23209
1841 54581
1841 23209
1841 47211
70514 398
19559 398
24408 398
37700 398
14184 39268
133022 81374
74850 398
124791 47211
49821 81374
141899 81374
141899 398
60408 11420
56493 398
115144 47211
130787 31753
130787 23209
130787 1237
161495 398
117854 81374
152924 33105
152924 23209
59203 161416
141347 81374
141347 398
141347 146552
141347 11661
96579 11661
58180 54581
62572 23209
58765 23209
117542 23209
117542 47211
117774 81374
103600 23209
103600 10003
59456 81374
70712 4379
58608 398
98645 23209
98645 30531
108984 398
411 37120
119153 10484
113649 81374
48251 35861
30485 398
113510 398
155820 398
1633 33105
1633 23209
159655 81374
159655 398
110787 81374
114476 2263
114476 23209
114476 17907
153023 81374
153023 62035
153023 398
153023 11661
139920 38146
104952 398
104952 39268
115283 81374
154792 398
30524 23209
156651 398
96379 398
121062 23209
160627 23209
101661 398
95256 1237
114513 72382
120449 129620
161672 23209
69934 81374
69934 62035
125836 97677
30819 54581
150518 398
125192 398
121626 31753
85982 398
61587 398
105016 398
144269 88156
109286 398
122991 23209
113738 1237
141058 77863
97258 398
49162 23209
110383 81374
114835 23209
29948 81374
29948 398
107734 81374
107734 398
107734 69957
6488 20427
135101 81374
156009 398
10840 81374
150330 81374
150330 398
157799 398
141593 38146
104329 398
55520 23209
128479 81374
158072 398
158072 20427
158072 87311
148323 109142
148323 154496
148323 67730
121637 81374
46261 398
156460 112417
149883 111650
149883 42603
56081 47211
38635 23209
152320 23209
102531 398
102531 4379
135929 31582
119696 76598
127413 81374
92903 23209
158297 23209
64830 23209
88439 33105
140647 398
161144 2832
102570 47211
129874 23209
57082 81374
146594 398
96313 129620
124197 398
145242 20427
96490 152516
92707 11661
127488 81374
142586 398
108793 398
88676 81374
88676 398
88676 49403
102601 23209
157466 1237
136527 32951
116599 23209
123307 2832
147049 23209
28392 81374
8943 398
68429 81374
115271 23209
161013 398
158957 81374
158957 11661
114009 11661
133441 33105
54590 23209
138234 81374
119483 23209
119483 98106
14886 23209
107121 23209
161912 81374
2933 2832
60423 398
15808 23209
39740 81374
24708 23209
74875 398
18743 398
18743 39268
55368 398
32056 69957
99796 33105
23042 81374
154745 33105
75361 23209
75361 1237
59033 63072
137576 33105
137576 23209
92528 398
92528 4379
66442 81374
104020 398
127519 398
25775 398
138698 129620
157006 76618
115976 49708
115976 69937
115976 62853
115976 17091
155272 23209
58770 398
40682 398
154582 23209
33040 398
130720 81374
39281 81374
39281 398
39281 69957
39281 4379
76598 50048
76598 124960
76598 6228
76598 132647
76598 116390
76598 121399
76598 58707
76598 81930
76598 11396
89193 398
106260 81374
81263 97174
81263 97311
81263 59763
81263 37512
156253 4379
54584 398
54584 72382
8590 398
108167 81374
114051 20427
140173 398
25791 98106
48647 11661
13970 81374
6618 398
11848 81374
117151 38146
117151 71358
45008 398
150776 81374
93033 398
81374 127843
81374 38014
81374 117937
81374 146704
81374 98379
81374 117201
81374 16702
81374 121744
81374 112488
81374 49550
81374 45732
81374 117486
81374 143518
81374 119814
81374 41295
81374 14197
81374 22596
81374 7775
81374 44903
81374 127826
81374 25570
81374 68281
81374 47326
81374 22380
81374 124892
81374 87439
81374 29654
81374 48038
81374 57089
81374 107603
81374 81205
81374 150353
81374 159804
81374 121046
81374 56136
81374 44892
81374 158275
81374 161939
81374 80288
81374 4769
81374 81343
81374 109257
81374 147975
81374 83333
81374 34583
81374 158974
81374 61513
81374 156032
81374 98443
81374 136282
81374 131756
81374 33427
81374 59897
81374 98473
81374 120527
81374 159300
81374 121969
81374 59165
81374 113423
81374 159848
81374 156486
81374 117247
81374 43289
81374 7528
81374 36484
81374 65543
81374 5273
81374 52555
81374 83791
81374 130009
81374 104125
81374 89088
81374 11914
81374 51309
81374 57161
81374 95561
81374 110608
81374 11322
81374 57056
81374 127362
81374 12293
81374 82616
81374 33677
81374 76316
81374 58372
81374 95905
81374 82157
81374 12741
81374 11555
81374 54156
81374 62701
81374 131397
81374 154371
81374 24187
81374 29031
81374 68544
81374 117281
81374 111522
81374 128345
81374 161947
81374 125918
81374 109437
81374 107172
81374 80511
81374 62873
81374 52318
81374 98970
81374 57128
81374 21040
81374 53938
81374 154565
81374 32508
81374 140467
81374 116494
81374 16190
81374 69937
81374 73716
81374 132927
81374 127841
81374 22779
81374 17515
81374 109142
81374 128834
81374 62035
81374 80698
81374 118599
81374 90475
81374 61258
81374 126780
81374 122106
81374 118617
81374 4902
81374 155713
81374 105460
81374 17401
81374 71855
81374 152187
81374 52858
81374 43505
81374 161427
81374 14150
81374 82627
81374 116935
81374 119889
81374 48008
81374 49378
81374 26831
81374 48916
81374 18093
81374 75341
81374 26773
81374 26700
81374 114933
81374 116038
81374 52143
81374 16791
81374 14881
81374 103076
81374 65649
81374 52397
81374 145743
81374 17816
81374 27731
81374 32848
81374 126759
81374 46017
81374 69584
81374 17769
81374 23706
81374 9130
81374 77915
81374 147920
81374 89753
81374 42428
81374 30562
81374 64328
81374 89133
81374 55342
81374 38715
81374 29842
81374 80176
81374 128941
81374 9851
81374 108655
81374 54027
81374 133116
81374 126962
81374 113082
81374 39759
81374 16999
81374 31168
81374 27502
81374 26469
81374 10615
81374 62034
81374 53813
81374 59878
81374 16820
81374 113541
81374 37050
81374 155864
81374 85076
81374 75769
81374 68136
81374 10400
81374 12517
81374 46206
81374 38202
81374 13580
81374 67335
81374 44712
81374 138780
81374 139785
81374 146411
81374 4608
81374 30387
81374 34382
81374 23475
81374 80501
81374 22643
81374 79376
81374 44909
81374 39213
81374 16162
81374 59334
81374 28694
81374 48668
81374 124887
81374 126776
81374 6354
81374 53244
81374 17746
81374 35493
81374 69625
81374 81543
81374 17698
81374 2294
81374 36609
81374 10192
81374 15734
81374 22307
81374 30800
81374 8737
81374 50414
81374 66130
81374 49394
81374 114209
81374 62561
81374 63272
81374 35327
81374 22900
81374 14044
81374 65510
81374 73517
81374 25458
81374 91648
81374 96410
81374 10736
81374 150259
81374 81597
81374 83894
81374 121200
81374 113295
81374 112981
81374 125893
81374 47119
81374 148604
81374 64340
81374 75316
81374 10660
81374 30910
81374 85105
81374 124291
81374 28318
81374 29208
81374 55119
81374 38401
81374 31108
81374 4252
81374 66274
81374 70665
81374 145557
81374 154312
81374 13669
81374 56124
81374 22939
81374 52424
81374 21781
81374 109042
81374 28575
81374 25839
81374 77819
81374 44232
81374 16773
81374 160755
81374 5960
81374 13060
81374 51205
81374 71658
81374 25852
81374 104947
81374 61304
81374 70042
81374 57952
81374 81462
81374 86039
81374 570
81374 56904
81374 23719
81374 87607
81374 51396
81374 3529
81374 99754
81374 31058
81374 44581
81374 60785
81374 27658
81374 14360
81374 4493
81374 22754
81374 38411
81374 11372
81374 28466
81374 137776
81374 57436
81374 72647
81374 60986
81374 45375
81374 48350
81374 4379
81374 14645
81374 19826
81374 122086
81374 64696
81374 59725
81374 8843
81374 31668
81374 3451
81374 141163
81374 14399
81374 76753
81374 39706
81374 50426
81374 12775
81374 42616
81374 121803
81374 139787
81374 2115
81374 77366
81374 105727
81374 39049
81374 56783
81374 89425
81374 46188
81374 10904
81374 48107
81374 5836
81374 65678
81374 37294
81374 4410
81374 31017
81374 25557
81374 6817
81374 22033
81374 39597
81374 39108
81374 132887
81374 41156
81374 115804
81374 65905
81374 104519
81374 23722
81374 68487
81374 26762
81374 8996
81374 20087
81374 24122
81374 39088
81374 161666
81374 150408
81374 20203
81374 25560
81374 85727
81374 19205
81374 31155
81374 28421
81374 145273
81374 22014
81374 28700
81374 108716
81374 33369
81374 66861
81374 26454
81374 18137
81374 80503
81374 48225
81374 4448
81374 35278
81374 11650
81374 34277
81374 14397
81374 76306
81374 36031
81374 42707
81374 76109
81374 10938
81374 26610
81374 70173
81374 141239
81374 100319
81374 39066
81374 50572
81374 100668
81374 92102
81374 91114
81374 25512
81374 68689
81374 79230
81374 1557
81374 69956
81374 37611
81374 17041
81374 47869
81374 39488
81374 87267
81374 94938
81374 143215
81374 81055
81374 151374
81374 43596
81374 157573
81374 47994
81374 125310
81374 3684
81374 22199
81374 38505
81374 129630
81374 47517
81374 33944
81374 116699
81374 131523
81374 61426
81374 49928
81374 19847
81374 70189
81374 2332
81374 12846
81374 90703
81374 54540
81374 15183
81374 34777
81374 110824
81374 50898
81374 43803
81374 20525
81374 72667
81374 34790
81374 68225
81374 112807
81374 59179
81374 85490
81374 113359
81374 48510
81374 93910
81374 25784
81374 36807
81374 55550
81374 67451
81374 89363
81374 54147
81374 115903
81374 24003
81374 20870
81374 104609
81374 117477
81374 69124
81374 63556
81374 17059
81374 42855
81374 79129
81374 97064
81374 98890
81374 94310
81374 47071
81374 128743
81374 51223
81374 11623
81374 60210
81374 154639
81374 22440
81374 74292
81374 25545
81374 102931
81374 39232
81374 33595
81374 39725
81374 9183
81374 140713
81374 122609
81374 72739
81374 150907
81374 99356
81374 29572
81374 57367
81374 16444
81374 158856
81374 153495
81374 20215
81374 87586
81374 9668
81374 19223
81374 23530
81374 25388
81374 80590
81374 111586
81374 9595
81374 101853
81374 56312
81374 24462
81374 24695
81374 118266
81374 82911
81374 98661
81374 41612
81374 45204
81374 66659
81374 66500
81374 42030
81374 107277
81374 128146
81374 85252
81374 23851
81374 24788
81374 81301
81374 41666
81374 34629
81374 56225
81374 40024
81374 80329
81374 11290
81374 71922
81374 77520
81374 157205
81374 85138
81374 6365
81374 60297
81374 30925
81374 50012
81374 140512
81374 17125
81374 101688
81374 99894
81374 83461
81374 75672
81374 36345
81374 18162
81374 111271
81374 57473
81374 122722
109905 31582
109905 98106
103464 398
103464 11661
75851 398
75851 39268
142374 23209
127843 22788
113824 398
142911 11661
49879 23209
65325 31753
65325 23209
117937 62035
117937 398
117937 72382
160344 47211
113713 398
98379 11661
117201 72382
82768 23209
95333 23209
53660 23209
34024 398
34024 11661
160035 398
121744 398
116883 11420
116883 10003
83981 23209
155230 23209
102060 398
101422 398
101422 39268
102679 11661
45732 398
143518 398
91869 11661
117293 398
117293 69957
108703 31324
41558 398
76908 146552
76908 4379
22596 72382
155233 4379
155721 398
93314 23209
99236 33105
140405 398
47635 398
75203 398
7775 72382
44903 398
15127 398
113279 130180
113279 127029
113279 20457
129798 62035
129798 29575
129798 398
129798 4379
129620 46894
129620 51931
129620 93763
129620 162215
129620 126939
129620 89049
129620 124960
129620 96992
129620 57282
129620 151622
129620 11237
129620 160123
129620 122266
129620 56038
129620 31331
129620 103625
129620 116013
129620 154219
129620 44132
129620 23507
129620 117303
129620 84310
129620 67093
129620 131612
129620 46960
129620 31922
129620 70156
129620 77643
129620 60711
129620 52269
129620 54244
127826 398
98463 47211
132067 398
156349 112417
156349 23209
129844 398
106253 23209
60775 23209
56772 23209
56772 98106
161475 63395
161475 47211
121874 398
22380 398
37036 398
32930 398
121493 11661
49631 72382
115353 23209
24809 10003
57089 398
40008 398
41020 35909
97453 398
97453 4379
107603 398
107603 146552
155042 398
31109 398
48103 112417
48103 23209
48103 144758
130889 4379
76277 83243
141759 77162
42560 398
131197 23209
82023 398
43657 131435
43657 39934
43657 107894
43657 63395
43657 10424
43657 37512
43657 66412
80162 398
80162 69957
150353 72382
83828 398
8137 15214
19943 109437
19943 146552
31910 54581
120531 54581
99592 112417
99592 87208
161416 23209
161416 26207
161416 10484
161416 40817
161416 62229
161416 2468
108185 61289
57744 11661
102360 398
9328 54581
4260 69957
53360 398
25287 1237
132168 38146
100276 1237
25748 33105
58087 23209
67192 43437
130755 23209
30715 23209
98486 23209
45596 111623
45596 14589
45596 4747
128694 398
43000 83243
52095 398
50530 23209
149010 28466
61442 398
71655 33105
4613 398
58083 23209
58083 47211
8281 398
105614 33105
105614 31324
4769 398
130800 398
26693 23209
26693 1237
120828 33105
120828 23209
114177 2832
154969 398
109761 398
161189 25859
158434 35129
158434 36180
22142 23209
121678 62035
31003 398
110582 398
3194 72382
66239 398
81910 23209
80525 11661
129833 398
110257 398
124358 23209
124358 1237
122390 23209
130837 398
154094 398
69426 10003
3776 2263
32675 398
112734 23209
112734 1237
46278 398
140265 398
147766 23209
114065 105322
114065 37791
114065 88079
114065 49312
114065 156396
114899 398
22115 23209
122591 72373
122591 2832
99108 23209
99108 1237
99108 30531
96777 23209
122633 398
76529 398
144515 23209
17421 31753
156788 33105
16574 35511
122876 62035
98443 398
93815 23209
34146 54581
131756 398
58483 398
80218 398
101546 35909
31257 398
33427 398
27226 23209
36721 83243
117086 398
73820 2832
119828 398
14229 398
114742 398
74369 398
47826 398
144259 33105
59802 33105
162034 2832
119469 23209
159405 150272
97374 398
100426 8758
46125 398
113309 33105
63129 398
141680 398
141680 13669
55386 398
107643 31753
140957 23209
61289 47211
159007 47211
151412 33105
146822 1237
151384 1237
56296 398
132593 11661
121969 398
68676 398
99297 398
162215 23209
147503 47211
32713 33105
24392 398
7052 23209
103516 23209
159848 398
122901 398
156486 398
156486 69957
156486 4379
109822 398
29090 17907
117247 398
153613 23209
162069 33105
56434 77162
61193 23209
160623 33105
75242 4379
120262 72373
109899 98106
112417 119910
112417 138119
112417 36827
112417 22448
112417 114537
112417 61543
112417 28921
112417 30275
112417 155658
112417 23507
112417 56176
112417 61945
112417 40915
112417 68279
18729 23209
93476 23209
106563 398
88892 398
113413 398
39520 23209
38751 23209
150046 54581
150046 23209
36065 23209
23127 398
130094 23209
58996 23209
75832 23209
162163 398
97845 23209
97845 47211
97845 98106
102941 23209
4987 398
140317 87311
12626 1237
58074 23209
111623 23209
159816 2832
126259 23209
15382 398
78402 398
115221 398
52555 398
55025 54581
90394 398
83791 31753
83791 23209
83791 69957
83791 11661
125404 398
126528 398
115162 47211
34471 23209
108293 398
108293 11661
52012 398
104125 398
116276 33105
116276 38146
93170 93204
109011 33105
19712 398
17669 111650
30344 398
30344 69957
135201 31753
87402 398
101862 30531
129952 398
44456 398
89088 398
20645 398
121321 398
31313 22788
121030 23209
129954 30531
127020 23209
88096 38146
133517 23209
133517 1237
106882 398
116094 54581
116094 23209
17832 398
519 398
75830 23209
113690 23209
113716 398
72347 33105
72347 23209
97545 69957
78934 69172
66673 23209
13785 398
107578 398
55371 398
119910 23209
119910 47211
86454 398
144963 38146
89716 49967
74907 398
147228 398
156280 398
117217 47211
115114 23209
15174 23209
48789 62035
33677 398
76316 20427
128633 23209
18268 23209
95905 398
8544 398
34072 398
154667 398
93028 398
71740 47211
128102 150272
128102 33105
128102 23209
82157 398
35662 398
88289 398
14412 398
111650 108977
111650 4570
111650 108003
111650 18968
111650 113700
111650 142832
111650 31328
111650 61300
111650 72973
111650 76048
111650 47787
49529 23209
115707 23209
154371 4379
131527 26784
59386 398
130852 47211
101903 115733
148004 398
113474 23209
19194 23209
61703 23209
53376 398
103052 23209
80333 23209
135420 33105
135420 31582
132738 23209
115745 23209
25035 398
25035 22788
115747 23209
65629 23209
142733 33105
118928 83243
99021 398
59210 47211
55497 23209
55497 47211
111407 398
3334 1237
16320 23209
70683 398
143648 11661
150272 49593
150272 11280
150272 103083
150272 84142
150272 38146
150272 34297
155911 398
102513 398
128345 398
115752 23209
151952 157864
151952 47211
97315 398
125918 62035
87144 33105
13343 398
7144 33105
86785 23209
138857 23209
122150 398
128810 47211
97566 398
97566 4379
156395 23209
7840 23209
64767 23209
105699 33105
112021 72382
108229 398
62873 11661
1735 398
29075 11661
35226 398
67302 23209
161812 37512
114972 93204
162121 398
33725 398
130180 23209
69029 23209
9043 398
9043 39268
113913 398
117716 23209
2263 15114
2263 36333
2263 73809
2263 88137
160306 23209
53977 54581
53977 33105
53977 1237
79462 33105
55983 23209
55983 72382
126077 398
156797 23209
33103 398
31180 398
49777 23209
49777 42707
55077 11661
124960 23209
124960 2832
48385 398
48591 398
48591 83243
93467 398
48601 146552
64589 23209
138600 398
65099 2832
141493 33105
114781 33105
67554 398
120104 33105
14290 2832
55714 398
86095 398
86095 4379
117012 94987
32032 33105
32032 23209
61466 17907
146802 398
54581 32387
54581 64095
54581 131094
54581 38716
54581 77343
54581 69533
54581 14583
54581 56376
54581 77705
54581 131435
54581 113835
54581 50417
54581 13802
54581 23209
54581 84756
54581 43686
54581 120595
54581 40376
54581 121361
54581 117209
54581 19140
54581 36210
54581 68904
54581 8765
54581 13570
54581 4880
54581 22268
54581 28162
54581 41402
54581 10594
54581 54254
54581 46960
54581 60729
54581 88079
54581 88410
54581 100833
54581 4655
54581 29434
54581 161181
54581 88137
54581 102987
54581 27217
54581 54631
63800 72045
159681 398
69937 398
69937 72382
73716 398
161719 398
74893 19140
130256 47211
155118 23209
97200 398
135173 1237
162262 398
117832 31753
117832 33105
115216 23209
53362 398
73566 398
35404 33105
47478 23209
47171 398
123869 47211
22779 398
80247 2832
128590 398
17515 11661
18431 23209
109142 398
109142 4379
109142 97569
128834 398
128834 4379
128100 398
62035 124239
62035 113177
62035 98877
62035 114933
62035 145743
62035 82184
62035 64328
62035 398
62035 31988
62035 4493
62035 100670
62035 65678
62035 91745
62035 40763
62035 70022
62035 47887
62035 47298
62035 125310
62035 82475
62035 71860
62035 42457
62035 20457
62035 71331
62035 63213
38028 4379
99789 8758
138370 23209
145655 124291
145655 38146
100488 23209
80698 11661
119846 398
87998 23209
61258 398
47891 23209
71275 23209
158491 23209
158491 47211
95912 398
32387 23209
32387 38146
122106 398
118617 4379
115979 398
30012 398
107112 11661
38009 23209
64095 23209
64095 10003
64095 47211
64095 38146
64095 30531
114834 398
158621 398
57758 398
118927 23209
89940 23209
137078 33105
43352 398
104652 398
104652 57145
31343 23209
54652 83243
35366 398
114659 1237
110374 398
162296 398
52858 398
45961 398
112073 4379
116602 23209
161427 83243
110575 98106
7803 2832
122063 38146
6228 23209
99497 398
68243 398
71749 23209
69391 398
140227 398
152577 77162
160488 398
116489 398
70954 23209
16466 398
63585 398
57174 398
153016 398
148526 398
161031 398
37791 10003
46409 23209
125414 11661
155485 115733
155485 23209
132647 23209
131094 23209
140061 47211
68273 23209
71812 8758
20621 2832
47529 398
3220 398
58006 398
95384 23209
49648 31753
37509 33105
56826 23209
88430 398
49216 398
10805 39268
96971 398
9366 33105
63183 398
83990 23209
114933 398
81262 398
36827 2832
161685 398
161685 69957
33056 23209
70472 11661
157715 23209
57541 398
68224 23209
85805 398
97834 39268
13597 398
25511 43437
93512 398
93512 35909
145743 398
22865 38146
61354 398
106195 4379
70852 398
17466 398
95986 398
118663 23209
111176 23209
20146 13632
37770 31753
93909 398
98019 1237
72373 57915
72373 27430
3484 23209
37123 83243
159340 23209
89699 47211
108806 33105
69584 398
69584 69957
55823 23209
23056 398
12794 398
11520 398
115749 83243
160074 398
160074 103626
52263 33105
132361 23209
47458 398
62336 398
57299 398
57299 4379
117470 23209
154867 398
120339 30531
11897 398
50187 398
76824 398
14794 33105
14794 5370
40228 47211
76147 47211
82184 11661
37249 23209
64819 35909
64000 33105
46546 398
46546 146552
46546 11661
78401 47211
150507 398
7504 11661
628 23209
729 79545
729 36594
729 79503
11420 37650
5036 23209
38329 23209
119653 33105
119653 68904
119653 10003
124490 23209
22096 23209
158371 398
72045 39268
79519 398
58126 398
76608 398
129526 13454
149168 33105
10112 23209
64328 83243
64328 4379
122214 23209
122214 47211
56995 398
79897 398
79897 11661
109452 23209
27878 398
27878 11661
79429 398
84312 23209
84312 1237
27487 398
27487 4379
137349 23209
18340 23209
118372 38146
70680 398
54893 398
119509 69957
119509 146552
20159 23209
78006 398
159409 398
61996 398
57676 398
17939 31753
128941 398
40600 4379
63693 23209
108655 398
108655 39268
60104 23209
77343 23209
3188 23209
34549 23209
158760 4379
57099 33105
78915 47211
69533 23209
123821 398
66991 31753
62198 398
14479 398
1421 47211
117289 47211
66919 33105
16999 398
34943 398
53234 398
95840 398
398 2428
398 94700
398 59469
398 87690
398 10615
398 53813
398 102908
398 101045
398 74321
398 5296
398 113358
398 12202
398 25655
398 77184
398 45145
398 12158
398 69944
398 390
398 61098
398 76732
398 25386
398 27662
398 38202
398 91091
398 44145
398 2517
398 16633
398 32901
398 85773
398 138785
398 138780
398 47995
398 81708
398 85454
398 155952
398 38838
398 57408
398 19691
398 87104
398 80501
398 82001
398 48817
398 131292
398 79161
398 83995
398 45692
398 26124
398 132679
398 24848
398 77027
398 92961
398 155262
398 157569
398 23105
398 101878
398 80768
398 126644
398 82709
398 39307
398 21048
398 75195
398 74663
398 81543
398 57263
398 85563
398 20542
398 84647
398 83488
398 2130
398 150766
398 77653
398 67061
398 82328
398 157787
398 15381
398 11860
398 14678
398 141628
398 155357
398 123845
398 2033
398 36594
398 77689
398 77340
398 46963
398 62055
398 24180
398 6268
398 57145
398 53864
398 23361
398 65935
398 37044
398 150259
398 81597
398 85149
398 69208
398 36432
398 359
398 158375
398 20475
398 83899
398 75268
398 31199
398 112981
398 112173
398 63580
398 57658
398 48453
398 59335
398 64340
398 54680
398 18418
398 30910
398 88378
398 95237
398 19516
398 129284
398 68266
398 126434
398 55119
398 65743
398 768
398 147226
398 58620
398 4252
398 22567
398 23043
398 60336
398 44225
398 25085
398 9151
398 34049
398 52424
398 50679
398 79630
398 138686
398 70592
398 68885
398 50908
398 29263
398 81982
398 74894
398 28084
398 156333
398 161897
398 88728
398 24757
398 77370
398 16059
398 136884
398 61607
398 158959
398 35630
398 23438
398 36105
398 88978
398 14975
398 24900
398 56904
398 55572
398 22508
398 51396
398 16894
398 25066
398 99754
398 93143
398 83243
398 101444
398 60785
398 160937
398 155354
398 34337
398 83259
398 32841
398 62088
398 14035
398 10511
398 140722
398 30231
398 79458
398 122036
398 46803
398 77337
398 31996
398 59651
398 79091
398 57804
398 28466
398 59107
398 72647
398 1475
398 60986
398 59657
398 141531
398 41417
398 28330
398 23086
398 77333
398 22735
398 83932
398 42414
398 43661
398 22940
398 30680
398 76466
398 89417
398 55931
398 71882
398 101298
398 64930
398 63886
398 56303
398 132625
398 18799
398 141163
398 11235
398 50426
398 49315
398 113165
398 68117
398 68949
398 144846
398 132059
398 94451
398 117022
398 103561
398 2115
398 65896
398 77366
398 56478
398 39049
398 59559
398 39268
398 53822
398 32536
398 53859
398 31818
398 157509
398 48546
398 7396
398 129390
398 19461
398 123612
398 8664
398 126511
398 29857
398 21343
398 56596
398 57106
398 56537
398 23085
398 3846
398 16987
398 64342
398 41156
398 7670
398 161563
398 152844
398 92445
398 63637
398 72994
398 46342
398 48738
398 62310
398 27886
398 2055
398 40766
398 57355
398 65249
398 70744
398 150408
398 29522
398 95911
398 54654
398 81626
398 54117
398 67830
398 20203
398 117756
398 80343
398 78364
398 74181
398 27029
398 27750
398 18510
398 36250
398 7537
398 67578
398 51049
398 33369
398 25978
398 22904
398 24547
398 64922
398 137010
398 52602
398 60704
398 29040
398 162226
398 95233
398 96644
398 100509
398 61104
398 147162
398 2624
398 149169
398 86036
398 58616
398 36031
398 95099
398 70022
398 76109
398 19453
398 32960
398 26610
398 75423
398 7355
398 28634
398 157943
398 100319
398 42365
398 39066
398 48690
398 34407
398 58904
398 3686
398 77144
398 99766
398 94352
398 47295
398 56101
398 39488
398 87267
398 38574
398 66947
398 36248
398 23909
398 94938
398 26343
398 6466
398 143215
398 81055
398 151374
398 43596
398 47887
398 40170
398 106321
398 23547
398 79980
398 14996
398 154684
398 116315
398 48255
398 83325
398 81862
398 77310
398 129630
398 81717
398 33944
398 22030
398 22788
398 22557
398 70873
398 75290
398 49612
398 68075
398 48404
398 71234
398 69605
398 76918
398 43803
398 49403
398 72667
398 12732
398 3868
398 11329
398 56591
398 82363
398 85490
398 83709
398 88428
398 6178
398 73478
398 50940
398 115641
398 35514
398 37702
398 115903
398 140254
398 69799
398 25348
398 33208
398 81526
398 63556
398 59238
398 97866
398 17059
398 23414
398 21785
398 63131
398 75134
398 84860
398 98890
398 59246
398 75335
398 102829
398 67466
398 63388
398 131019
398 14117
398 20102
398 119654
398 18179
398 59193
398 9592
398 39232
398 96104
398 77553
398 18348
398 100400
398 36782
398 18008
398 50392
398 101503
398 67025
398 13835
398 40066
398 16444
398 158856
398 52636
398 68913
398 67052
398 158487
398 59042
398 20327
398 45822
398 10687
398 18854
398 82475
398 105799
398 104889
398 93414
398 20215
398 32492
398 40487
398 106263
398 138644
398 12324
398 104678
398 63012
398 57898
398 19857
398 115932
398 98791
398 111070
398 101853
398 56312
398 70806
398 86534
398 74170
398 89843
398 7544
398 33321
398 98661
398 25798
398 23721
398 58841
398 71127
398 71492
398 35927
398 50833
398 74127
398 37617
398 101638
398 157184
398 32964
398 152603
398 69488
398 22013
398 3258
398 82626
398 78003
398 59939
398 128146
398 29624
398 60012
398 35094
398 16294
398 81301
398 44527
398 68974
398 72651
398 10841
398 85466
398 68798
398 159156
398 157205
398 49940
398 43698
398 6365
398 90465
398 51191
398 15370
398 140512
398 137396
398 66113
398 71331
398 158790
398 50964
398 78487
398 66335
398 43732
398 15091
398 22141
398 100764
398 25483
398 84329
398 63213
398 75672
398 114155
398 152120
398 12851
398 38848
398 111271
398 122722
398 109659
398 29407
398 125261
85023 33105
85023 23209
111458 23209
90517 33105
29783 162313
31753 18361
31753 1006
31753 97920
31753 68904
31753 129453
31753 73353
31753 21819
31753 39463
31753 100437
31753 61789
31753 20252
31753 133584
31753 48782
31753 19876
31753 37691
31753 19409
31753 65644
31753 153246
31753 13266
31753 48897
31753 79547
31753 102987
153745 47211
153745 30531
115733 142184
115733 137125
91538 13632
101045 72382
101045 4379
101045 8843
134771 4379
14583 23209
74683 23209
106983 23209
9014 72382
151622 23209
95399 1237
24393 23209
24393 77162
16675 23209
56658 23209
58221 23209
58221 47211
7291 11661
126216 23209
33033 33105
76732 4379
24429 23209
28803 1237
104317 23209
86984 23209
12428 23209
2517 11661
138780 72382
138780 4379
85454 146552
63035 23209
148829 23209
111199 69957
62306 23209
31355 23209
30188 23209
117087 23209
18578 47211
7080 33105
7080 23209
52384 23209
37300 23209
37300 47211
18399 23209
58998 23209
48486 23209
71509 33105
58131 11661
79545 67618
79463 23209
79463 77162
79463 10003
79463 47211
45569 33105
57904 33105
48516 98106
30333 23209
30333 1237
119445 39268
34608 48759
31337 2832
27562 1237
116378 33105
155407 47211
120513 23209
120513 38146
131435 2832
131435 1237
97836 23209
113835 23209
48879 23209
20671 2832
77027 72382
58686 4379
159056 33105
35800 23209
35800 98106
51491 63395
126776 72382
160501 38146
33105 44424
33105 154372
33105 131917
33105 100309
33105 107026
33105 57551
33105 36210
33105 68397
33105 19844
33105 89294
33105 66023
33105 73941
33105 117303
33105 9847
33105 88662
33105 77993
33105 57124
33105 155071
33105 38996
33105 83700
33105 81330
33105 25345
33105 67300
33105 88079
33105 68902
33105 44311
33105 11586
33105 94725
33105 28262
33105 48683
33105 93204
33105 10238
33105 58003
33105 106152
33105 17475
33105 33131
33105 58059
33105 80629
33105 99423
33105 26870
33105 70111
33105 78653
33105 103106
33105 4655
33105 153246
33105 87441
33105 23038
33105 157215
33105 17359
33105 57047
33105 77377
33105 33628
33105 67519
33105 13732
33105 44123
33105 79547
33105 156570
14938 75991
126644 72382
63075 23209
69625 72382
47511 23209
81543 11661
152469 47211
23209 85847
23209 5028
23209 45074
23209 43437
23209 147338
23209 9880
23209 62923
23209 70907
23209 9400
23209 56682
23209 82948
23209 52234
23209 131373
23209 120595
23209 135975
23209 93213
23209 153160
23209 9691
23209 97585
23209 6123
23209 42603
23209 73396
23209 57826
23209 41449
23209 46273
23209 40376
23209 110900
23209 44227
23209 116085
23209 57910
23209 9953
23209 91532
23209 16092
23209 4268
23209 83255
23209 68195
23209 31331
23209 9357
23209 9689
23209 43880
23209 62712
23209 117209
23209 3773
23209 140846
23209 47982
23209 10272
23209 130072
23209 8061
23209 57915
23209 27798
23209 6828
23209 66962
23209 22038
23209 1102
23209 101955
23209 129923
23209 63395
23209 24365
23209 11070
23209 52945
23209 103672
23209 54813
23209 13320
23209 89235
23209 85042
23209 61963
23209 123055
23209 103990
23209 52646
23209 8765
23209 77336
23209 157120
23209 13570
23209 4880
23209 93659
23209 88688
23209 34615
23209 69030
23209 47113
23209 21913
23209 87754
23209 58808
23209 28260
23209 66023
23209 18542
23209 84830
23209 61574
23209 8255
23209 69189
23209 93432
23209 23507
23209 30795
23209 2953
23209 11475
23209 26150
23209 48661
23209 80023
23209 93558
23209 10003
23209 73941
23209 33411
23209 82064
23209 16000
23209 155804
23209 20845
23209 115150
23209 37117
23209 9383
23209 64957
23209 51827
23209 92428
23209 61903
23209 85499
23209 84310
23209 13359
23209 18341
23209 52268
23209 49967
23209 78260
23209 67085
23209 65420
23209 48546
23209 40915
23209 102940
23209 52292
23209 159895
23209 46940
23209 67093
23209 54764
23209 94582
23209 53019
23209 66245
23209 1227
23209 7200
23209 38333
23209 40324
23209 41166
23209 32153
23209 32214
23209 65368
23209 39463
23209 69214
23209 154121
23209 24354
23209 56215
23209 40192
23209 81006
23209 81330
23209 12018
23209 57491
23209 35238
23209 25679
23209 40183
23209 113700
23209 25345
23209 26813
23209 60729
23209 32967
23209 13811
23209 72804
23209 88079
23209 117676
23209 42707
23209 88094
23209 89812
23209 53685
23209 34513
23209 15613
23209 18057
23209 66713
23209 15297
23209 49201
23209 34130
23209 15427
23209 81120
23209 68888
23209 39064
23209 29906
23209 22019
23209 24097
23209 75781
23209 58954
23209 51160
23209 58003
23209 74269
23209 121317
23209 12016
23209 33899
23209 78969
23209 120761
23209 66403
23209 134704
23209 132872
23209 72336
23209 75525
23209 106992
23209 34828
23209 33775
23209 55602
23209 50126
23209 39799
23209 96285
23209 58454
23209 45807
23209 115347
23209 7254
23209 99028
23209 55282
23209 10386
23209 41111
23209 105994
23209 36134
23209 62381
23209 70111
23209 88101
23209 47787
23209 16008
23209 160864
23209 34205
23209 94555
23209 45125
23209 2361
23209 160451
23209 51390
23209 33598
23209 90245
23209 29684
23209 5578
23209 39324
23209 112742
23209 39843
23209 5958
23209 3414
23209 160798
23209 46350
23209 17359
23209 132921
23209 147657
23209 79338
23209 34691
23209 22930
23209 114916
23209 153895
23209 42369
23209 64546
23209 88137
23209 62509
23209 13732
23209 25901
23209 129838
23209 79547
23209 140163
23209 54244
23209 8928
23209 77612
23209 5517
23209 161596
23209 45473
23209 65283
23209 102987
23209 58503
23209 119770
23209 159724
23209 11526
23209 78171
23209 65524
23209 55101
23209 42373
23209 38641
23209 84090
23209 50390
23209 61897
23209 36790
78664 47211
160055 16657
40191 2832
158848 8758
19483 73985
72382 67061
72382 158555
72382 72283
72382 72053
72382 160755
72382 13060
72382 117303
72382 26006
72382 51514
72382 22981
72382 34277
72382 26610
72382 75423
72382 3695
72382 100187
72382 136005
72382 72667
72382 48510
72382 32031
72382 83318
72382 111474
72382 61853
72382 68974
72382 136886
72382 7427
72382 52399
72382 50251
93698 47211
121570 83243
150766 34810
60440 11661
43437 33282
43437 28466
43437 74269
43437 62229
67061 94352
88388 59285
46693 11661
78683 2832
157787 57145
126423 146552
47900 47211
141628 140512
69957 96761
69957 96410
69957 64340
69957 147226
69957 141
69957 68533
69957 24621
69957 50426
69957 29040
69957 34982
69957 39066
69957 70189
69957 19854
69957 85490
69957 17059
69957 114141
69957 155353
69957 59042
69957 126824
69957 9632
69957 20984
69957 38390
69957 73153
69957 125429
69957 30925
69957 50012
69957 102500
82948 47211
97174 47211
52234 2832
35380 11661
36594 67618
42603 47211
75378 47211
68439 4379
46963 83243
9285 1237
57145 10035
57145 94352
107049 38146
150259 4379
40376 43104
74381 11661
100946 146552
63142 38146
59285 154684
59285 73985
70336 4379
54051 1237
77162 68904
77162 80057
77162 37420
48453 4379
160708 4379
144204 38146
35909 63395
35909 77198
7467 13060
7467 90357
124291 39268
55810 36896
6238 4379
6340 11661
28810 11661
159839 1237
60059 47211
117209 33936
117209 1237
47311 83243
19140 58293
100355 11661
25085 4379
49142 47211
96482 38146
75169 39953
75169 78375
75169 34205
75169 34364
75169 9779
68885 21008
56213 11661
74662 47211
156333 4379
88659 39268
63202 47211
20280 47211
15505 11661
115280 146552
115280 11661
77370 11661
87208 10003
59373 1237
104947 11661
69282 47211
56904 11661
101598 38146
118723 47211
123055 1237
99754 31887
60077 1237
9682 38146
154654 47211
154654 1237
83243 37272
83243 11916
83243 152115
83243 18179
83243 140713
83243 159156
83243 75672
83243 29407
5946 63072
301 4379
25262 21008
52646 47211
77336 47211
13570 30531
161695 1237
146552 90817
146552 42201
146552 28466
146552 80343
146552 71705
146552 66913
146552 42885
146552 15370
146552 7853
146552 63213
21460 33944
28300 34810
71481 47211
39227 20678
111107 1237
54287 38146
30363 47211
159713 1237
66940 47211
48759 75595
42401 11661
88213 4379
88213 161244
46235 11661
20678 24547
20678 33063
143992 17907
48295 47211
72647 31887
2103 110313
159180 10003
4379 70502
4379 50426
4379 77366
4379 172
4379 145773
4379 149891
4379 95911
4379 160799
4379 70173
4379 69956
4379 99766
4379 125310
4379 2231
4379 48510
4379 50940
4379 115903
4379 81526
4379 48022
4379 82584
4379 82475
4379 66088
4379 41194
4379 57965
4379 157205
4379 61764
4379 87757
21008 56381
80023 17907
33936 86350
10003 47211
10003 25084
51797 39268
9213 1237
7454 47211
9894 2832
8843 155450
32335 47211
125484 140512
158587 31582
55931 161244
31582 69647
31582 66713
31582 8526
31582 113521
34810 67618
34810 38149
41402 2832
10594 47211
13359 86350
2832 67093
2832 40192
2832 13628
2832 85898
2832 26156
2832 11302
2832 78969
2832 48074
2832 158912
2832 52576
2832 139363
2832 13253
2832 10825
2832 16828
2832 59764
136537 11661
39268 40662
39268 23950
39268 85490
39268 73734
39268 82991
39268 122530
39268 3066
39268 101688
161244 116699
172 11661
40915 98967
107673 98106
107673 127058
50880 11661
99060 47211
8094 8758
66245 47211
45447 11661
31324 23952
91711 38146
54117 11661
13199 11661
42576 1237
100437 38146
28724 11661
10035 81301
87542 47211
60845 47211
86350 98106
65960 98106
13632 147142
43607 47211
19177 11661
160231 93204
71662 5958
159126 37702
73270 10484
64236 47211
117676 1237
60518 1237
47211 38146
47211 53602
47211 120491
47211 29906
47211 45924
47211 132872
47211 73423
47211 33775
47211 27430
47211 27517
47211 115347
47211 80629
47211 41111
47211 77946
47211 93569
47211 29684
47211 17359
47211 32071
47211 49035
47211 49502
47211 111541
47211 5749
47211 142542
47211 36406
47211 102987
47211 119770
47211 61897
47211 58630
47211 56488
38583 38146
38146 93204
38146 45807
38146 96616
38146 159243
38146 84835
68902 1237
17907 19409
17907 8274
17907 25199
66713 98106
159661 30531
47869 11661
50068 11661
11661 41392
11661 81055
11661 157573
11661 74546
11661 141305
11661 115627
11661 10950
11661 151896
11661 32826
11661 81526
11661 121757
11661 17059
11661 34390
11661 84860
11661 14801
11661 55244
11661 40388
11661 37315
11661 58841
11661 4454
11661 113886
11661 13538
11661 124855
11661 38801
47848 1237
67618 79503
93204 93436
93204 37512
75781 1237
58003 1237
10484 69012
73423 1237
83779 155489
147041 30531
23992 1237
137255 1237
30274 1237
4855 1237
5958 30531
73985 140512
40415 8758
600 1237
54244 1237
1237 5749
1237 65524
1237 40380
1237 84799
30531 84328
