6 -0.6780063
95 -0.96336055
141 0.10484014
172 -0.01812176
260 -0.38645047
301 -0.51059115
319 0.7452051
359 -0.32144135
364 -0.57689005
370 -0.6308009
388 -0.26684275
390 -0.52339524
398 -0.6062051
411 0.17383634
519 -0.11739488
570 -0.54905814
600 -0.5545578
628 -0.31827956
729 -0.34303585
768 -0.835644
809 -0.4759854
874 -0.28410316
1006 0.06398228
1016 -0.8513805
1102 -0.4154686
1227 0.23716606
1237 -0.24227645
1241 0.15975715
1415 -0.48008063
1421 -0.277224
1475 0.5952104
1514 -0.4817856
1557 -0.59126216
1633 -0.07326479
1679 -0.2465353
1735 -0.5355135
1841 0.027547967
1877 -0.54916286
1935 -0.22177777
1992 -0.53933036
2002 -0.41028565
2033 -0.62706685
2055 -0.6907974
2103 -0.81167006
2115 -0.35684943
2116 0.9129286
2125 -0.4039753
2130 -0.33961254
2131 -0.7633049
2153 -0.057909895
2231 -0.15878999
2263 -0.56992096
2285 0.4863147
2294 -0.52627575
2332 -0.7160694
2361 -0.33216938
2402 -0.43688512
2428 -0.09682545
2468 -0.5238766
2510 -0.76019776
2517 -0.14375874
2589 0.06282462
2624 0.069266096
2817 0.5304375
2832 0.11432189
2933 1.0759733
2953 -0.17654496
2970 -0.67420197
2990 -0.21588628
3053 -0.53211135
3066 -0.32355273
3103 -0.7773898
3112 0.45569658
3188 -0.74714434
3194 -0.10470419
3220 -1.2033021
3258 -0.44264284
3334 -0.13925968
3347 -0.67881083
3353 -0.5443442
3414 -0.08053686
3451 0.37004757
3484 0.13510609
3529 -0.10901273
3684 -1.2895483
3686 -0.27427158
3695 -0.37743083
3696 -0.32848224
3743 0.6252453
3753 0.46239245
3773 -0.43881443
3776 -0.3608523
3846 -0.9753393
3858 -1.1793786
3868 -0.07070542
3958 -0.12211113
4021 -0.69407696
4033 0.95975226
4098 -0.44571838
4186 0.7017064
4232 -0.9268251
4252 -0.079342976
4260 -0.46328112
4268 -0.44190556
4293 -0.7966814
4364 -0.30141544
4379 0.53389597
4410 0.05768702
4448 0.1826667
4454 0.1145843
4485 -0.82530403
4493 -0.202716
4521 -0.0081861215
4569 0.3388199
4570 0.8646719
4608 -0.18745488
4613 -1.1466821
4653 -0.36313632
4655 -0.28396654
4711 -0.20046589
4747 -0.47690597
4769 1.2496551
4855 -0.30464542
4880 0.06232666
4882 0.71362174
4902 0.0183636
4987 -0.5449066
5028 -0.4034653
5036 -0.37473807
5052 0.100266226
5056 -0.69188833
5144 -0.26012865
5273 -0.68028444
5288 -0.73482585
5296 0.5834459
5340 -1.2524831
5370 -0.1548633
5379 -0.4514005
5395 -0.08609392
5418 0.50355786
5419 0.004857835
5435 -0.6052419
5513 -0.2687881
5517 -0.6113727
5578 -0.4701787
5735 -0.3035757
5749 0.1460937
5836 -0.21568538
5843 0.1736627
5946 -0.36026224
5958 -0.22273822
5960 -0.80717987
5977 -0.37130025
6123 -0.5598818
6153 -0.5184449
6162 -0.40922293
6178 -0.52884907
6206 -0.23077218
6228 0.0137445545
6238 -0.55625963
6259 -0.76173615
6268 -0.6914469
6340 -1.067175
6354 -0.72312456
6365 -0.42187208
6432 -1.234674
6466 0.15674345
6488 -0.16136274
6561 -0.5530147
6618 -0.8032202
6694 -0.6113406
6704 -0.468057
6759 -0.42578298
6809 0.005933662
6817 0.10060223
6828 0.7949431
6832 -0.46933767
6881 -0.48683402
6936 -0.37546533
6950 -0.39715055
7030 -0.8373495
7048 -0.25269225
7052 -0.27755097
7080 -0.70900583
7137 -0.22434743
7144 0.0064771743
7153 -0.62230283
7200 -0.58267754
7254 -0.17785962
7260 -0.74806947
7269 -0.25713003
7275 -0.77065897
7291 0.23207174
7351 -0.67810446
7355 -0.41476393
7356 -0.73109394
7391 -0.52452654
7396 -0.9252574
7427 0.066487685
7454 -0.5190922
7467 -0.49362624
7504 -0.18845457
7528 -0.18078615
7537 -0.25718206
7544 0.3000531
7548 -0.33822984
7587 -0.43591878
7597 -0.10245337
7649 -0.5292933
7670 -0.7612639
7775 -0.87033236
7786 -0.3823121
7803 -0.1995824
7840 0.18429357
7841 -0.10390539
7853 -0.5172928
7907 -0.5699044
7968 -0.5192268
7972 -0.67925
7976 -0.23641935
7978 0.095484346
8055 -0.46688452
8061 0.085207194
8094 -0.33719695
8137 -0.39888754
8255 -0.5561194
8274 -0.23373733
8281 -0.414307
8417 -0.7050784
8526 -0.16133134
8544 -0.7352534
8590 -0.5847409
8612 -0.5091769
8664 -0.3691507
8737 0.09950533
8739 -0.27368337
8758 -0.60575736
8765 -0.11000436
8843 -0.5789619
8928 -0.48927668
8943 -0.48822
8996 -0.42785722
9014 -0.22982372
9030 -0.05217547
9043 -0.6198334
9068 -0.6073018
9076 -0.4968127
9130 1.0603778
9151 -1.355246
9183 -0.66482246
9213 -0.2786254
9285 0.7637398
9328 -0.3758465
9357 -0.64241153
9366 -0.4438893
9383 -0.7896114
9400 -0.65350574
9434 0.63819504
9533 0.095803
9592 -0.57630086
9595 -0.68802655
9630 -0.9749091
9632 0.24010958
9668 -0.79471016
9682 -0.13223815
9689 -0.73494273
9691 -0.33410943
9779 -0.73215455
9842 -0.4732185
9847 -0.7683084
9851 -0.30280745
9880 -0.11900491
9894 0.5560406
9902 -0.16560021
9953 -0.32052457
9955 -0.25662455
9998 -0.46339798
10003 -0.68293697
10018 -0.3066116
10035 -0.15176693
10073 -0.824124
10101 -0.6054916
10112 0.11830555
10152 -0.39522034
10181 -0.31948134
10192 -0.4086492
10238 -0.93307215
10272 -0.3361926
10386 -0.5623102
10400 -0.27518228
10424 -0.30391648
10434 -0.17231607
10484 -0.5186611
10491 -0.38058582
10511 -0.1866163
10566 -0.115834504
10575 -0.47463483
10583 -0.8321109
10594 -0.95213
10615 -0.57135004
10651 -0.8323774
10660 -0.21942662
10687 0.39677113
10708 0.2596435
10736 -0.5652455
10785 -0.41606197
10805 -0.45181802
10825 -0.5787171
10840 -0.2829683
10841 -0.5242172
10904 -0.48993522
10938 -0.13351406
10950 -0.113571055
11006 -0.17573589
11070 0.06726619
11088 -0.36908495
11147 -0.230721
11178 -0.3114072
11235 -0.20540124
11237 -1.2796835
11256 -0.49203408
11280 -0.266855
11290 -0.5695218
11302 0.007109008
11306 -0.7108676
11322 0.20831339
11329 1.0010718
11372 -1.0941108
11396 -0.7053087
11420 -0.63248575
11475 -0.39338532
11502 -1.2243183
11520 -0.3772973
11526 -0.3107759
11555 -0.46935067
11586 0.08007634
11623 -0.52362484
11650 -0.15401775
11661 -0.60148996
11683 -0.17850846
11748 0.10708583
11770 -1.4130408
11848 -1.0485051
11860 -0.33464974
11896 -0.01796618
11897 -0.4812059
11914 0.16601713
11916 -0.6419496
11943 -0.63799626
12016 -0.5582286
12018 0.037383594
12057 -0.32430658
12059 -0.83157784
12158 -0.2346313
12179 -1.3407452
12199 -0.31037334
12202 -0.3629871
12211 -0.5426904
12229 1.1659719
12233 -1.2651576
12293 -0.765061
12324 -0.5650074
12328 -0.41023853
12428 -0.94232553
12450 0.8063988
12473 -0.8057044
12517 -0.4934305
12531 -0.06766606
12617 -0.19194235
12626 -0.2905863
12645 -0.08397243
12649 -0.21861374
12683 -0.6108018
12731 -0.62353843
12732 -0.7054421
12741 -0.12257846
12773 -0.76142806
12775 0.62437147
12794 -0.06988532
12846 -0.68144745
12851 0.46214265
12864 -0.7287919
12923 -0.94186586
13060 -0.33057272
13138 -0.52567357
13165 -0.24442469
13177 -0.4501918
13181 0.19287764
13199 -0.9868986
13253 -0.059930254
13266 -0.64746183
13297 0.36215806
13320 0.48924866
13343 -0.39316276
13359 -0.7990988
13397 -1.0599885
13436 0.28313747
13454 -0.018225236
13461 0.47284147
13538 -0.38067308
13570 0.37753177
13580 -1.28527
13597 -0.24188119
13628 -0.89135045
13632 -0.22885947
13669 -0.25328267
13732 -0.6256136
13765 -1.0876455
13785 -0.7266081
13802 -0.64665985
13811 -0.3457917
13829 0.09334097
13835 -0.1726594
13967 -0.7405782
13970 -0.74826676
13991 0.06340922
14004 -0.69695437
14035 -0.21980968
14044 -0.7168517
14068 -0.35909814
14117 -0.56406957
14119 0.23881201
14150 -0.7061232
14184 -0.2927322
14197 0.13685527
14202 -1.205245
14229 -1.0065469
14278 -0.562311
14288 -0.79164666
14290 -0.79851884
14299 1.1342468
14360 -1.0898539
14390 -0.5702954
14397 0.02381898
14399 0.57111055
14412 -0.80689347
14413 -0.3480326
14421 -0.71645164
14479 -0.6642872
14583 -0.49774367
14589 -0.5406297
14645 -0.772784
14678 -0.6032404
14794 -0.74298286
14801 -0.76188403
14864 -0.6786771
14881 -0.42648464
14886 -0.5003275
14921 0.8655641
14938 -0.9136843
14971 -0.5873142
14975 -0.46326342
14977 -0.654052
14989 0.06902479
14996 -0.3541533
15014 -0.5887519
15091 -0.19813164
15114 0.18930228
15127 -0.3567233
15162 0.50659895
15174 -0.7201925
15183 -0.95546246
15196 -0.52513003
15214 0.32522413
15222 -0.48764342
15290 -0.32611164
15297 -0.2819961
15370 0.008704954
15381 -1.0762068
15382 -0.08774569
15427 -0.14190614
15505 0.35337275
15537 -0.34722438
15554 -0.7395606
15613 -0.2744504
15734 -0.11467366
15764 -0.927106
15808 -0.44287637
15854 -0.76520085
15958 0.51686805
15998 -0.78503394
16000 0.24517663
16008 -0.3670787
16059 -0.9179148
16092 0.48562273
16162 -0.57809794
16176 -0.06573218
16190 -0.62329495
16259 -0.76240444
16292 -0.65541136
16294 -0.7889001
16320 -0.28883874
16338 -0.27742213
16358 -0.22580703
16393 -0.7821312
16439 -0.90989447
16444 -0.58513165
16460 -0.34391704
16466 0.54628766
16574 -0.31404147
16633 -0.824496
16655 -0.27669019
16657 0.11373543
16658 -0.24276662
16675 -0.61124516
16702 -0.48636383
16739 -0.6950457
16773 -0.8937063
16791 -0.1452085
16820 -0.76831
16828 -0.2969451
16874 -0.8087823
16880 0.4031658
16894 -0.5452063
16915 -0.12727918
16941 -0.5309892
16987 -0.37714154
16999 -0.2717953
17015 -0.3925419
17041 -0.5264142
17059 -0.961479
17091 0.46004206
17125 -0.5544935
17343 -0.51740426
17359 -0.3382165
17401 0.6602988
17421 -0.5284458
17466 0.00497438
17475 0.9263849
17502 -0.17437378
17515 -0.33668104
17568 -0.33367157
17608 -0.39843115
17632 0.23280565
17661 -0.23154645
17669 -0.37981582
17698 -0.6662662
17708 0.53086066
17746 -0.4515068
17769 -1.1230913
17816 -1.2529632
17832 0.07550641
17896 -0.8016733
17907 -0.39662087
17939 0.09655896
17987 1.0273706
18008 0.06730841
18057 -0.16792992
18093 -0.18973768
18103 -0.9778187
18137 -0.15869214
18162 -0.15754128
18179 -0.34626856
18196 -0.29314932
18251 -0.3746201
18268 -0.38666743
18340 -0.16129085
18341 -0.95277834
18348 -0.6300521
18361 -0.93941295
18399 -0.09237726
18418 -0.66319966
18431 -0.15628326
18508 -0.50179327
18510 -0.08049974
18512 0.051386867
18542 0.08411991
18578 -0.60612184
18594 -0.34578973
18617 -0.7115206
18729 -0.54321545
18743 -0.007503603
18765 -0.23461926
18799 0.55115646
18854 -1.0504977
18932 -0.1729413
18968 -0.18150069
19017 -0.41539225
19140 -0.037119426
19173 -0.32305962
19177 -0.52454114
19194 -0.2359483
19205 -0.9024865
19222 -0.3770214
19223 0.27805057
19269 -0.3114223
19398 -0.91227627
19409 -0.5340543
19453 -0.60029024
19461 -0.37429646
19470 -0.6146075
19483 -0.106320806
19514 0.2761892
19516 -0.37149975
19517 0.075474285
19518 -0.80147386
19559 -0.6925868
19574 -0.573326
19589 -0.37040302
19648 0.37865362
19661 -0.63387835
19678 -0.06357897
19691 -0.23388362
19712 -0.39242896
19826 -0.67021185
19844 -0.45152116
19847 -1.1555618
19854 -0.83963406
19857 -0.24853511
19876 -0.17593971
19909 0.448074
19914 -0.9104744
19943 -0.089745305
19976 -0.40272313
19997 -0.37074074
20037 -0.5900863
20075 0.2377241
20087 -0.51254594
20102 -0.31107476
20146 -0.23025694
20159 -0.27610162
20167 -0.3125237
20203 -0.3732097
20215 0.111005284
20252 0.3161213
20257 -0.36565083
20280 -0.40793735
20327 -0.4489177
20427 -0.23619722
20457 -0.26853207
20465 0.61582154
20475 -0.83059084
20505 -0.6117402
20525 -0.59493566
20541 -0.660771
20542 -1.1439502
20621 -0.4567975
20645 -0.3488594
20671 -0.10742515
20678 -0.2460481
20822 -0.3522575
20845 -0.21013744
20849 0.06472669
20870 -0.30581656
20894 -0.20962407
20921 0.7083685
20942 -0.14346044
20984 -0.9968638
21008 -0.90636134
21040 -0.56505525
21048 -0.85151553
21208 0.5095701
21343 -1.1037618
21383 -0.45955047
21410 -0.6836874
21460 -0.18992417
21610 -0.07542514
21684 -0.5867982
21781 -0.63982105
21785 -0.6529543
21819 -0.25558034
21913 -0.38600236
21995 -0.44093746
22013 -0.5892395
22014 -0.33293417
22019 -0.23063922
22030 -0.6594101
22033 -0.5621544
22038 -0.67337275
22096 1.2074581
22115 -0.34209996
22141 0.35446236
22142 -0.7385977
22152 -0.48952234
22184 -0.334161
22198 -0.10067536
22199 -1.00567
22268 -0.6585261
22279 -0.42304417
22307 -0.40108052
22380 -0.91012734
22425 -0.5891209
22430 -0.5411511
22440 -0.6542302
22448 -0.6318348
22496 -0.79257995
22508 -0.37929934
22534 -0.63952184
22557 0.5390134
22567 -0.43423897
22596 -0.34638095
22643 -0.045698468
22735 -0.23409401
22754 -0.563773
22779 -0.5112204
22788 -0.14430629
22805 -0.5262029
22837 -0.32186404
22840 -1.1657139
22865 -0.45683807
22900 -0.058579706
22904 -0.85949284
22907 -1.0272993
22918 0.6125365
22930 -0.47464997
22939 -0.7178313
22940 -1.0676962
22981 -0.061164763
23008 -0.34223324
23038 0.17132002
23042 -0.19126154
23043 -0.25942156
23056 0.08800518
23085 0.018149398
23086 -0.44504464
23105 -0.30272266
23127 -0.23866233
23135 -0.8078648
23209 -0.2607265
23361 -0.89216095
23403 -0.3041859
23414 -0.19929999
23423 -0.45454848
23424 -0.8184054
23438 0.17553239
23455 -0.522844
23475 -0.9781503
23507 -1.08211
23530 -0.59821844
23547 -0.10019714
23567 -0.67523223
23637 -0.4822911
23663 -0.25038615
23706 -0.83292526
23707 -0.7226806
23719 -1.4863985
23721 -0.45738536
23722 -0.7116363
23832 0.17630365
23851 -0.51157016
23863 -0.25546315
23909 -0.22678198
23950 -0.9175648
23952 -0.52081496
23954 -0.71406233
23955 -0.1521561
23992 -0.4665081
24003 -0.65520114
24057 -0.059789695
24097 0.32882988
24122 -0.6137646
24129 0.12948847
24180 -0.309129
24187 -0.9320947
24246 0.37612405
24271 -0.6767424
24328 0.21190526
24354 -0.64077693
24365 -0.31405258
24392 -1.0517048
24393 -0.49246806
24408 -0.21970934
24429 -0.5011365
24462 -0.984418
24547 -0.6426856
24560 -0.3688331
24563 -0.46145695
24621 -0.8987049
24676 0.5903628
24683 -0.11719682
24695 -0.6036506
24708 1.2658274
24757 -0.49236038
24788 0.93768996
24809 -0.057401985
24848 -0.78815717
24885 -0.67918277
24900 -0.24337228
24927 -1.0144205
24982 -0.8530235
25001 -0.7140957
25035 0.5419486
25040 -0.03617864
25066 -0.2215654
25080 -0.16856632
25084 -0.1733283
25085 -0.28378418
25193 -0.9247736
25199 -0.56387585
25258 -0.6743306
25262 0.042295717
25287 -0.091737956
25325 -0.2906338
25345 -1.0802628
25348 -0.08344385
25386 -0.33566004
25388 -0.7922676
25458 -0.50309014
25483 0.26921993
25496 -0.23326656
25511 0.08569879
25512 -0.5979481
25527 0.17757078
25540 -0.7494266
25545 -0.2425795
25557 -0.62103516
25560 -0.12221607
25570 -0.38317397
25598 -0.048542507
25607 0.9875793
25608 -0.69583166
25655 -0.39012367
25659 -0.30980223
25679 -0.009214746
25748 -0.7066411
25759 -0.14491637
25775 -1.0119859
25784 0.5478228
25791 -0.13990043
25798 -0.52552813
25839 -0.76149964
25852 -0.55217874
25859 -0.50088394
25885 -0.36474472
25901 -0.20276625
25978 0.2985751
26006 0.16727705
26014 -0.45897278
26050 0.008276485
26067 -1.0150206
26124 0.1778456
26150 -0.9229975
26156 -0.44936997
26207 -0.06282998
26225 -0.52496654
26234 -0.3483527
26273 0.5091236
26343 -0.9152357
26426 -0.34502378
26454 -0.4447458
26469 -0.9455203
26578 -0.9879806
26610 -0.17872606
26693 -0.4504132
26700 -0.73562735
26762 0.43491817
26773 -0.5769866
26779 -0.77013326
26784 -0.37226814
26813 -0.08279414
26831 -0.9770395
26870 -0.7794214
26893 -0.5042844
27029 -0.7305019
27121 -0.21366014
27217 0.91527915
27226 -0.5356643
27382 -1.0003395
27418 -0.6194212
27430 -0.5030605
27487 -0.4466734
27497 0.6911636
27502 -0.43929654
27517 -0.72676635
27562 -0.40182754
27633 -0.5121765
27658 -0.1529229
27662 -0.76131785
27705 0.26939774
27714 -0.78394765
27731 -0.38374913
27733 0.7599296
27750 -0.5119152
27798 -0.486816
27878 -0.08989771
27886 -0.839456
27934 -0.57733214
28002 -0.5010496
28010 -0.4927045
28031 -0.7641889
28082 -0.53667736
28084 -0.8234091
28135 -0.34015837
28162 -0.23820303
28210 -0.14554621
28236 -0.08415773
28260 0.6622073
28262 -0.5187014
28300 -0.25002247
28318 -0.9617992
28330 -0.092428185
28392 -0.03904057
28421 -0.32515672
28466 0.2612466
28471 -0.5941242
28495 -0.5956595
28541 -0.30577216
28575 -0.08061455
28634 -0.66105676
28694 -0.59893
28700 -1.0622259
28716 -0.0956622
28724 -0.67655575
28766 -1.3436863
28803 -0.30546793
28810 -0.4971355
28839 -0.5864734
28921 -0.7146532
28974 0.3992692
29020 -0.5380431
29031 0.07635747
29040 -0.091813944
29075 -0.3563253
29090 0.42861113
29110 -0.4574653
29125 -0.5470523
29154 -0.4640691
29208 -0.57830155
29263 -0.3202054
29322 -0.4501045
29375 -0.100656815
29396 -0.2901227
29407 -0.23417465
29428 -0.65520465
29434 -0.6813402
29455 -0.1537012
29522 -0.09305145
29572 1.1739471
29575 -0.3712248
29609 -0.43815958
29624 0.4157545
29654 -0.77074677
29684 -0.43558848
29747 -0.53553396
29757 -0.3782187
29783 0.11906989
29842 -0.7703724
29857 -0.84709466
29906 -0.8033277
29948 -0.59983784
29964 -1.0230616
30012 -0.68407035
30188 -0.43053722
30231 0.2195504
30270 -0.31743932
30274 1.0902964
30275 -0.7381479
30284 -0.22115542
30333 -0.5894284
30344 -0.0855977
30363 -0.828072
30387 -0.40211585
30433 -1.068785
30478 -0.6361435
30485 0.07546668
30513 -0.36220396
30524 -0.3962491
30531 -0.7007231
30562 -0.8868663
30637 -0.6462782
30680 0.0930932
30688 -0.069832206
30707 -0.68736583
30714 -0.46231982
30715 -0.68592036
30795 -0.32183176
30800 -0.17314263
30819 -0.8404729
30868 0.45018852
30910 -0.32935578
30925 -1.4976413
30965 -0.6356092
31003 -0.09486414
31017 -0.26599035
31058 0.15609294
31059 -0.36872566
31090 -0.33774012
31103 0.31323367
31108 -0.6726479
31109 1.0961231
31140 -0.23702624
31155 -0.63098097
31168 -0.57357913
31180 -0.11803685
31199 -0.7079644
31231 -0.39355373
31257 0.26727876
31313 -0.01841396
31322 -0.7602934
31324 0.53603226
31328 -1.0222553
31329 -0.91632676
31331 0.9764043
31337 -0.14761904
31343 -0.6029727
31355 0.5695676
31436 -0.19547042
31460 -0.20831051
31582 -0.10642046
31597 -0.74690634
31668 -0.9449743
31685 -0.63302076
31753 -0.6279444
31760 0.27068985
31818 -0.28516793
31825 -0.48677987
31865 -0.42079937
31887 -0.17824702
31888 -0.38719434
31910 -0.7052099
31915 0.4774772
31922 -0.44350663
31988 -0.1663179
31996 -0.7800504
32031 -0.70800096
32032 -0.61146766
32044 -0.32165608
32056 -0.8147492
32071 -0.47252256
32144 -0.074968986
32153 -0.78140956
32214 -0.5915974
32250 -0.29162923
32274 -0.4964515
32335 -0.3887605
32344 0.17880689
32387 -0.30846813
32389 -0.39451164
32405 -0.66914016
32492 -1.0985531
32508 -0.20067313
32536 -0.31012753
32546 -0.21153861
32648 -0.21226706
32675 -0.72542435
32713 -0.7201446
32726 -0.39919704
32729 -0.7634109
32817 -0.1510285
32826 0.75824493
32841 -0.6141525
32848 -0.5436171
32885 -0.033392306
32901 -0.19566706
32927 -0.9788259
32930 -0.67935157
32951 -0.63400424
32960 -0.15683748
32964 -0.6310722
32967 0.93503743
33033 -0.088156655
33040 0.14483076
33056 -0.29389194
33063 -0.15498926
33103 0.13115469
33105 -0.5725314
33131 0.7095555
33173 0.5861204
33208 -0.77126414
33282 0.4361731
33321 -0.42733738
33369 -0.17016535
33380 -0.2769922
33389 -0.7345209
33411 -0.2665129
33427 0.24104936
33468 -0.3129196
33547 -0.29760155
33595 -0.73346066
33596 -0.28575432
33598 -0.51557475
33628 -0.51996934
33642 -0.40746444
33677 -0.47258872
33718 -0.19871528
33725 0.086403854
33749 0.0040111104
33773 -0.28833264
33775 0.51419795
33785 -0.59851533
33817 -0.74185187
33855 -0.19530512
33899 -0.45667952
33936 -0.25168702
33944 0.32569993
33972 -0.27057025
34024 -0.5922279
34026 0.03684909
34049 0.73918414
34072 -0.4908348
34107 -0.36126244
34130 -0.22175215
34146 1.0391823
34205 0.42134538
34277 -0.12935479
34297 0.12568171
34301 0.10761355
34337 -0.8672944
34364 -0.39750776
34366 -1.0528463
34382 -0.35523918
34390 -1.0655723
34393 -0.9120521
34407 -0.2675125
34420 0.019783726
34470 -0.4752333
34471 0.7749291
34506 -0.52045673
34513 -0.63679075
34542 -0.34709415
34549 0.043156214
34557 0.1840981
34583 -0.54938024
34608 -0.64379364
34609 -0.6039437
34615 -0.119358584
34629 -0.6364737
34652 -0.9627585
34691 -0.37799615
34754 -0.5965967
34777 -0.7782548
34790 -0.37938568
34810 -0.48179418
34828 -0.557224
34871 -0.42526287
34943 -0.40676984
34951 0.3672431
34958 -0.6216159
34982 -0.71852016
35009 -0.58898604
35018 0.21736257
35094 0.29991052
35129 -0.16360973
35226 0.5967981
35238 -0.37211245
35278 1.0007957
35327 -0.5274612
35345 -1.1806421
35366 -0.9262968
35380 -0.8830265
35394 0.70509094
35404 -0.6472868
35493 0.023344332
35511 -0.84588295
35514 0.022413695
35563 -0.6241087
35630 0.87194353
35662 -0.4913526
35715 -0.55189127
35739 -0.71483654
35756 -0.85448194
35800 -0.18862538
35861 -0.25384998
35909 -1.005598
35927 -0.15243572
36031 -0.5944085
36065 1.1435155
36105 0.13272737
36134 -0.16417572
36139 0.05911446
36159 -0.81955785
36180 -0.344197
36210 -0.38642487
36248 -0.07071167
36250 -0.5133748
36333 0.13699614
36345 -0.16047616
36402 0.03784146
36406 -0.37756827
36432 -0.36565456
36484 -0.7528667
36503 -0.8419509
36594 -0.51041573
36609 0.48929855
36628 0.78611684
36632 -0.97083884
36721 0.26983356
36722 -0.35379884
36738 -0.2707606
36770 -0.54814106
36782 -0.5012856
36784 0.34122467
36790 -0.071012475
36807 -0.76200515
36827 -0.36337134
36896 -0.42032322
37036 -0.6492949
37044 -1.4969397
37050 -0.5446959
37083 0.39834553
37116 0.2291747
37117 -0.47039545
37120 -0.4767554
37123 -0.4194452
37249 -0.7067694
37272 0.07013475
37294 -0.8744011
37300 -0.28787374
37302 -0.7161685
37315 -1.3442892
37370 -0.41508022
37406 -0.3810855
37420 0.16233449
37499 -0.33883598
37509 0.07177736
37512 0.9714537
37529 -0.32740974
37611 -0.5163893
37617 -0.30819687
37650 -0.906834
37691 1.1748718
37700 -0.3204429
37702 -0.51608056
37704 -0.3788009
37720 -0.62872434
37770 -0.5214332
37777 0.0858699
37791 -0.45678827
37809 -1.0664003
37816 0.54209507
37828 -0.9650713
37843 -0.9936247
37869 -0.54213387
37935 -0.2618333
37954 -0.78177625
38009 -0.05119458
38014 -0.85686004
38028 -0.78406847
38042 -0.70027536
38071 -0.70648104
38146 -0.45878354
38149 0.44128442
38160 -0.47390178
38177 -0.5900787
38202 -0.83692694
38224 -0.42347634
38239 -0.4302727
38329 0.9814358
38333 -0.3998748
38390 -0.47630757
38401 -0.6661463
38411 -0.061605517
38437 -0.6644522
38475 -0.27010292
38487 -0.9355762
38497 0.27151158
38505 -0.44127673
38572 1.080227
38574 -0.26813808
38583 -0.3994725
38588 -0.14138435
38635 -0.005644852
38641 -0.56708795
38686 -0.7437702
38713 -0.073275425
38715 -0.8757255
38716 -0.1629728
38751 -0.42126232
38759 -0.60456544
38764 -0.7748752
38801 -0.961524
38838 -0.5497276
38848 -0.7103847
38879 -0.52000135
38959 -0.37061262
38996 -0.2329275
39017 -0.26305604
39049 -0.7604317
39064 -0.07574454
39066 -0.72429127
39088 -0.8901121
39099 -0.44855273
39108 -0.21291049
39213 -0.68541753
39227 0.007326319
39228 -0.55909216
39232 -0.2996684
39268 -0.6190335
39281 -0.44414887
39307 -0.7459685
39324 1.1943817
39325 -0.34907255
39344 -0.21982215
39414 -0.5088063
39439 -0.25384724
39463 -0.48400006
39488 -0.083230205
39520 -0.655466
39582 0.10400203
39597 -0.92684823
39626 1.1177273
39706 -0.6884341
39725 -0.95323133
39740 0.73949915
39759 -0.3940249
39799 -0.44426003
39843 -0.26591396
39934 -0.8672562
39953 -0.48801827
40008 -0.33278722
40024 -0.55853635
40062 -0.9029553
40066 -0.61824983
40133 -0.18056877
40166 -0.3959266
40170 -0.94945556
40183 0.35294816
40191 -0.062420856
40192 0.41161764
40228 -0.1974952
40324 -0.1259658
40344 0.25687405
40376 -0.5134902
40380 -0.29144704
40388 -0.452056
40389 -0.114231914
40415 -0.47188497
40429 -1.1423212
40487 0.29870412
40544 -0.6254943
40600 -0.22334841
40615 -1.0882777
40628 0.43835416
40662 -0.3957334
40682 -0.8545548
40692 -0.6207355
40695 0.20295154
40729 0.031413723
40763 -0.5707915
40766 -0.70503825
40799 0.54151833
40817 -0.6444218
40826 -0.39972457
40915 0.07566583
40925 -0.3678868
40978 -0.21218805
40998 -0.5371727
41020 -1.1673074
41111 -0.43557745
41156 -0.26857147
41166 -3.9685983e-06
41167 -0.27044028
41182 -0.91629475
41194 -0.16204697
41199 -0.52008647
41236 0.69553983
41268 -0.87039876
41295 -0.15120664
41360 -0.82895744
41363 -0.5727206
41392 -0.60894245
41402 -0.2500791
41410 -1.30052
41417 -0.6011195
41449 0.041333716
41476 -0.72956806
41515 -0.6934057
41526 -0.13319984
41556 -0.29556212
41558 -0.1744571
41594 -0.80976516
41612 -0.738867
41619 -0.5232713
41635 0.042154446
41666 0.659954
41831 -0.59422743
41894 -0.31998506
41898 0.9659404
42030 -0.22115034
42083 0.48561546
42103 -0.3156581
42126 -0.7564604
42201 -0.4738858
42205 0.7443956
42238 -1.2416826
42338 -0.72742754
42347 -0.19560964
42348 -0.2574906
42356 -0.91522586
42365 -0.10123492
42369 -0.55012155
42373 -0.5159891
42398 -0.5974105
42401 -0.38726053
42414 -0.9922665
42428 -0.31566775
42457 -0.47518885
42560 -0.37936282
42576 0.7076458
42601 -0.21914539
42603 -0.24704455
42616 -0.44694135
42639 -0.36810064
42665 -0.47011986
42707 -0.6915603
42855 0.4589813
42885 -0.9515011
43000 -0.40760875
43005 -0.5392079
43054 -0.5032736
43063 0.40047258
43104 -0.29166093
43289 -0.5258675
43352 0.11887929
43437 -0.18618108
43492 -0.6431862
43505 -0.8243888
43507 -0.34461555
43596 -0.5825734
43607 -0.8527241
43657 -0.5103045
43661 -0.190661
43686 -0.07206037
43698 -0.25616008
43732 0.41258296
43803 -0.21040834
43880 -0.25148922
44088 0.0035460598
44099 0.040135637
44123 -0.9128168
44132 -0.6928913
44142 -0.6287455
44145 -0.6149941
44225 -0.848948
44227 -0.012291721
44232 -0.41133767
44237 -0.44521424
44248 -0.3845537
44256 -0.510387
44284 -0.49806172
44288 -0.15487443
44311 -0.40911663
44318 0.8113363
44402 -0.8579171
44421 -0.53639084
44424 -0.45258224
44456 -0.06197843
44527 -0.54177976
44581 -0.41640908
44705 0.09469238
44712 0.3100056
44731 -0.6844112
44756 -0.51277786
44892 -0.524196
44903 0.4635706
44909 -0.6336808
44929 -0.5675171
45008 -0.6692124
45047 -1.0474981
45074 0.5372292
45125 -0.45854056
45145 -0.4194961
45182 -0.55928636
45204 -0.99611056
45286 0.026253143
45332 0.2494424
45371 -0.8213826
45375 0.4432519
45447 -1.0572803
45473 0.17840058
45569 -0.67792165
45596 -0.5251138
45612 -0.7731452
45682 0.65819013
45692 -0.51298374
45712 -0.47449347
45732 -0.32297078
45800 -0.4651836
45807 -0.98504597
45822 -0.14582922
45924 0.23717526
45961 -0.3832516
46001 -0.6037035
46017 -0.3391675
46031 0.28207344
46057 -0.8508511
46068 -0.31095856
46125 0.64158416
46188 -1.0073847
46206 0.20906417
46235 -0.3860039
46261 -0.37469485
46273 -0.58764476
46278 -0.61612564
46332 -0.34384587
46342 -0.57022965
46350 -0.46163088
46387 -0.639886
46409 -0.846253
46462 -0.26029387
46492 -0.52234644
46507 -0.41557503
46546 -0.4618229
46647 0.89568776
46693 -0.08585425
46758 -0.52736247
46798 -0.4002676
46799 -0.35135037
46803 -0.18553099
46828 -0.16594805
46894 -0.7550073
46916 -0.114251465
46936 -0.49767333
46940 -0.7541641
46960 -0.16958041
46963 0.79534066
46971 -0.5045733
47064 -0.11460187
47071 -0.8099226
47113 -0.5239731
47119 -0.045938544
47154 -0.4298204
47159 0.015246754
47163 -0.23626213
47171 -0.8608819
47199 1.1155299
47211 -0.68625724
47293 -0.33586445
47295 -0.56952643
47298 -1.0664595
47311 -0.9139443
47326 -0.23369253
47354 -0.68394274
47397 -0.45066023
47458 -0.18900897
47478 -0.66187584
47500 -0.47497824
47511 -0.5530179
47517 -0.35043526
47529 0.17690763
47635 -0.26481745
47723 -0.400961
47749 -0.5138478
47783 -0.8181368
47787 0.7655051
47826 -0.65127206
47838 0.009992417
47848 -0.13997224
47867 -0.5963859
47869 -0.12043957
47875 -0.71957177
47887 -0.41871786
47891 -0.6317926
47900 0.46998826
47982 -0.44745806
47994 -0.22921062
47995 -0.59444964
48005 -0.4938784
48008 0.10928262
48022 -0.3191337
48024 1.056409
48038 -0.18937884
48052 -0.21805362
48074 -0.35440668
48103 -0.10209581
48107 0.5974687
48119 0.60939926
48152 -0.5726059
48183 -0.45566586
48225 -0.6511844
48245 0.5696108
48251 -0.57402885
48255 -1.1428108
48295 0.10495439
48307 -1.3066322
48350 -0.32134205
48381 -0.7007037
48385 -0.26923767
48398 0.0028712905
48404 -0.8170513
48417 -0.29170698
48453 0.6059818
48457 -0.8613485
48486 -0.7770779
48498 -0.1893304
48510 0.07561264
48516 -0.86584306
48546 -0.14596912
48579 -0.7287078
48591 -0.20891765
48601 -0.8287432
48627 -0.86733776
48630 -0.26511425
48647 -0.24655187
48661 -0.36231506
48668 -0.37046552
48680 -0.9836718
48683 0.9979887
48690 -0.7814264
48706 -0.6276417
48710 -0.31857613
48738 -0.17190512
48759 0.87778217
48771 -0.16888487
48782 0.39343634
48789 -0.6738116
48817 -0.18527175
48874 -0.79407966
48875 0.119348094
48879 0.44993293
48897 -0.20028427
48916 -0.2565656
48939 -0.09374062
48949 -0.40734422
48962 -1.2956053
49004 0.29822436
49017 -0.32614177
49018 0.08482813
49035 0.082515545
49142 -0.6401441
49162 0.8311224
49195 -0.72302824
49201 -0.14249642
49216 0.0066884304
49277 -0.5976515
49279 -0.18897173
49312 -0.14603925
49315 -0.041001055
49378 -0.30427614
49381 0.09822098
49394 -0.21880235
49403 -0.3252751
49502 -0.1824684
49506 -0.67887753
49529 -0.4482559
49550 -1.3411014
49593 -0.30788454
49612 -0.006845352
49631 -0.8322377
49644 -0.22197048
49648 -0.37418514
49708 -0.30215973
49724 -1.2597861
49742 -0.6453811
49777 -0.7414256
49821 0.040861916
49879 -0.6914446
49903 0.11709033
49928 -0.37922165
49940 -0.16504948
49967 -0.30734706
49986 0.3617901
50012 -0.7932714
50048 0.9875123
50068 -1.1416583
50126 -0.5939029
50187 -0.36071178
50251 -0.07561914
50390 0.14477651
50392 -0.25556856
50414 -1.0728247
50417 -0.20946275
50426 -0.8427823
50530 0.3976946
50552 0.20737988
50556 -1.1222044
50572 -0.6402508
50625 -0.43275222
50679 -0.42167237
50686 0.24968886
50833 -0.8575913
50870 0.107741036
50880 -0.2793887
50884 -0.12665083
50895 -0.4731285
50897 0.46522295
50898 -0.8234057
50899 -0.11491239
50908 -0.72815174
50940 -0.35032558
50964 -0.20871869
51049 -0.63570184
51087 0.8327998
51139 0.9085059
51160 0.21677616
51172 -0.010221444
51176 -0.12905033
51191 -0.77468354
51205 0.39897203
51223 0.11553136
51309 -0.94264376
51370 -0.2185193
51390 -0.18411712
51396 -0.22131622
51405 -0.849932
51431 -0.7042272
51491 -0.82376397
51514 -0.5921219
51582 -0.28897017
51602 -0.5733762
51605 -0.12870704
51715 -0.13378215
51725 -0.8789226
51797 -0.63170904
51827 -0.68138534
51931 0.9552673
52012 0.17899679
52095 0.66549546
52096 -0.95413804
52143 -0.3022914
52216 -1.0386245
52234 -0.3668694
52263 0.7442352
52268 -0.08958003
52269 0.31360224
52292 -0.9031718
52314 0.24502665
52318 -1.1213431
52384 -0.44064924
52397 -0.4233235
52399 -0.47102073
52424 -0.38724798
52462 -1.1517587
52555 -0.68877614
52576 -0.58248657
52602 -0.2912837
52636 -0.5529135
52646 -0.796266
52858 0.3948268
52945 -0.13111278
52984 -1.0341052
52989 -0.6134287
53019 -0.046654083
53028 -1.0918645
53053 -0.7559502
53098 0.18678321
53185 -0.50315547
53234 0.005722556
53244 -0.59456664
53291 -0.28230268
53360 -0.45008415
53362 -0.31372717
53376 -1.3142949
53397 -0.807842
53459 -0.5553077
53556 -0.8020198
53602 -0.94523287
53645 -0.15355985
53660 -0.25157276
53685 -0.45171735
53813 -0.7017034
53822 -0.7229662
53859 -0.26619014
53864 0.74017096
53938 0.3641077
53977 -0.6762543
54027 -1.4114072
54051 -0.12725073
54115 -0.19942114
54117 -0.6054952
54147 0.09007792
54156 -0.39197698
54203 0.21032906
54244 0.56768143
54254 0.19797458
54287 -0.4210774
54342 -0.40425315
54390 -0.06005754
54449 -0.30347025
54470 -0.41223598
54492 -0.5229737
54537 -0.9309309
54540 0.3952854
54581 0.32119367
54584 -0.5344025
54590 -0.069370456
54607 -0.17445979
54631 0.023277737
54652 -0.7792805
54654 -0.6991122
54680 -0.1685149
54689 -0.7580304
54764 -0.29316008
54813 -0.76060873
54822 -0.9272546
54844 -0.08430957
54893 -0.30280176
54947 0.49028915
55025 -0.6261821
55068 0.47011468
55077 -0.32863554
55081 -0.8284211
55101 -0.58831376
55119 -0.8696758
55174 -0.8214816
55192 -0.10515135
55205 -0.4436652
55220 -0.24513283
55244 -1.0647316
55281 -0.7434478
55282 0.37201068
55342 -0.08342344
55368 -0.23776598
55371 0.63798034
55386 -0.8410638
55459 -0.61336446
55497 -0.6904554
55520 -0.26044694
55550 -0.6021847
55572 -0.7378703
55602 -0.20067464
55678 -0.17210272
55691 -0.89022446
55714 0.9037511
55734 -0.19292493
55741 -0.23584993
55773 0.44019866
55810 -0.3384404
55823 -0.5860042
55931 -0.36771747
55970 -0.2722893
55983 -0.39389667
56009 -0.083518885
56038 -0.51525074
56059 0.21832807
56081 -0.59728277
56083 -0.9250669
56101 -0.845245
56124 -0.66609544
56136 -0.27314728
56143 -0.86341226
56176 -0.7721633
56193 0.12592864
56213 -0.5959496
56215 -0.41997793
56225 -0.83197594
56263 -0.5854571
56296 -0.5897288
56303 0.27322283
56312 -0.017357077
56322 -0.15778606
56349 -0.91270095
56376 0.54955345
56381 0.3657922
56388 -0.49789992
56434 -0.35958093
56458 -0.40266356
56478 -0.2646261
56488 -0.34804052
56493 0.087647766
56495 -0.114498325
56537 -1.0205975
56543 -0.3724843
56591 -0.6397551
56596 -0.14004926
56610 -0.5944248
56639 0.08529116
56644 0.71290696
56658 -0.3391885
56672 0.03549052
56682 -0.12831438
56717 -1.0908304
56772 -0.42287794
56783 -0.70464814
56791 0.052791838
56826 -0.06150315
56848 -0.05513908
56867 -0.08878837
56890 -0.7666216
56904 -0.44069856
56995 0.25044897
56996 -0.2601451
57047 0.17809162
57056 -1.0673859
57082 -0.16111003
57089 0.42253703
57099 -0.30521658
57106 -0.8876127
57115 -0.18993844
57124 0.06593855
57128 -0.48574057
57145 -0.2646503
57161 -0.7669619
57174 -0.96195227
57205 -0.40415487
57213 -0.39050508
57263 -0.6140318
57282 -0.34584302
57299 -0.7314159
57351 -0.74262697
57355 -0.4374957
57367 -0.39512894
57389 0.24235953
57408 -0.35138527
57436 -0.3747288
57447 -0.5158844
57473 -0.22879888
57484 -0.08351389
57491 -0.44342864
57541 -0.41931617
57551 -0.5967277
57578 -0.9309206
57644 -0.33649153
57652 -0.34796587
57658 -0.99706227
57676 -0.09240439
57677 -0.4756716
57718 -0.5993377
57744 -0.5188544
57758 -0.67936957
57804 -0.38339177
57826 0.19013938
57834 -0.765235
57898 -0.9126328
57904 0.0011398116
57910 -0.1963111
57915 -0.4122678
57917 -0.24565764
57924 -0.47335306
57925 0.07203533
57952 0.64252514
57965 -0.4622838
58003 -0.0623982
58006 -0.550923
58059 -0.3281025
58074 0.15098298
58083 0.39979813
58087 -0.93601197
58126 -0.3343614
58131 -0.814578
58180 0.7639282
58208 -0.87536687
58221 -0.6816847
58285 -0.54721236
58293 -0.4978442
58308 -0.069591075
58328 0.48745993
58372 -0.23120986
58394 -0.5899191
58454 -0.36551943
58483 0.0648965
58491 -0.23720191
58503 -0.57819605
58524 -0.30093297
58551 0.3004376
58577 -0.15901305
58588 0.19597803
58608 -0.1280313
58616 -0.62088454
58620 -0.552333
58630 -0.541721
58686 0.029289069
58707 -0.47523034
58716 -0.30743018
58735 0.10903473
58752 -0.8927205
58765 -0.45818818
58770 -0.8197092
58795 -0.28804722
58808 -0.47353193
58822 -0.40039778
58841 0.06776878
58886 0.028014176
58904 -0.52563816
58930 -0.18231028
58954 -0.4270432
58996 -0.20898606
58998 -0.1654493
59002 -0.47237602
59033 -0.40705815
59042 -0.66772276
59056 -0.5244773
59107 -0.53611153
59165 -0.330764
59179 0.36898345
59193 -0.4460929
59203 -0.4456043
59210 -0.38227496
59221 -0.3720276
59238 -0.08606787
59246 0.27225053
59268 -0.39624748
59284 0.11737892
59285 -0.81582963
59304 -0.9839695
59334 -0.5298588
59335 -1.0921576
59373 -0.43883255
59386 -0.49945247
59456 -0.7484955
59469 -0.5267741
59559 -0.3669057
59611 0.262268
59628 -0.37326506
59651 -0.29650325
59657 -0.62415385
59681 -0.19966741
59697 -0.5776847
59701 -0.7139987
59725 -0.5365328
59763 -0.45998448
59764 0.3409793
59802 -0.46186557
59844 -0.6528265
59868 -0.5244051
59878 -0.3555493
59897 -0.13844688
59939 0.19772227
60012 -0.4828307
60031 -0.745729
60056 0.9786888
60059 -0.49255687
60077 -0.40720892
60093 -0.34104303
60104 0.62614715
60107 -0.89126074
60133 -0.14815532
60200 -0.77429295
60210 -0.54072773
60297 -0.0016933678
60336 -0.16011663
60402 0.48240405
60408 -0.51712555
60423 0.6113184
60440 -0.61740106
60489 -0.033300538
60518 -0.2518706
60534 -0.01666106
60620 -0.8200842
60657 0.5724547
60676 -0.90046257
60684 -0.53648496
60701 -0.8576377
60704 -0.5381748
60709 -0.34551147
60711 -0.18369676
60729 0.6989399
60775 -0.067839205
60785 -0.26262927
60811 -0.20593375
60845 -0.08202086
60895 0.11280394
60938 0.6449617
60986 -0.28805113
61042 -0.92430055
61098 -0.46335945
61104 -0.20769803
61148 0.037679628
61193 -0.74562573
61213 -0.30392858
61217 -0.3678431
61229 -0.73741263
61258 0.5152612
61270 1.3367965
61289 -0.013249644
61300 0.060740843
61304 -1.109169
61322 -0.43318844
61354 -0.44540656
61363 -0.42396373
61407 -0.5909095
61426 -0.5615588
61442 -0.5096099
61466 0.47495836
61507 -0.60516894
61513 0.33657068
61543 -0.5528883
61574 -0.9394533
61577 -0.65816134
61587 -0.098486006
61592 -0.45431763
61603 0.48995557
61607 -0.50522816
61703 -0.37347582
61764 0.002677851
61789 -0.30982283
61813 -0.7933961
61820 -0.71705014
61851 -0.64472425
61853 0.010435733
61897 -0.6303256
61903 -0.83060783
61911 -0.4192011
61945 -0.3774003
61963 -0.47753245
61972 -0.4551541
61996 -0.7176424
62034 -0.53405803
62035 0.009138813
62055 -0.37167886
62088 0.38330284
62175 -0.9759513
62198 0.6687281
62204 -0.6478198
62228 -0.8939922
62229 -0.55947024
62263 -0.57149416
62280 -1.1797969
62306 -0.13415837
62310 -0.053489946
62336 -0.26947045
62377 -0.44613308
62381 0.45133424
62407 -0.49671417
62447 -0.7209992
62458 -0.4750581
62475 -1.3190047
62509 -0.8001239
62561 -0.5617013
62562 -0.37330613
62572 1.1504817
62579 -0.009662237
62662 -0.45491308
62701 -0.28958863
62712 0.22432047
62715 -0.122743614
62752 -0.3811701
62823 -0.7509261
62827 -0.47815958
62853 -0.16944918
62873 -0.9321488
62923 -0.67785203
62959 -0.6340401
63012 0.43147913
63034 -0.75423545
63035 0.507659
63058 0.26586032
63072 -0.708885
63075 -0.97500044
63129 -1.2066796
63130 -0.8507061
63131 0.10704749
63142 -0.48771504
63183 0.7343778
63202 -0.5219286
63213 -0.85425824
63229 -0.5207372
63260 -0.69846296
63272 -0.7469099
63290 -0.6826297
63297 -0.095485546
63339 0.16282246
63388 0.104250014
63395 -0.6932289
63437 0.8913828
63556 0.26885474
63575 -0.2553514
63580 -1.1513281
63585 -0.3954067
63637 -0.30477232
63685 -0.3418623
63693 0.17775844
63800 0.025516232
63886 0.10995256
64000 -0.18742205
64002 -0.42981413
64095 -0.88583785
64236 0.4600561
64255 0.42717558
64279 -0.71890956
64328 -0.80635977
64340 -0.71914196
64342 0.15772593
64351 -0.41025227
64371 -0.47587198
64524 -0.65892524
64546 -0.25712526
64587 0.64555866
64589 -0.55450153
64591 -0.62088513
64602 -0.9602525
64696 -0.6273848
64767 -0.39485362
64770 -0.30429614
64804 0.38756782
64819 0.098018914
64830 -0.5683278
64836 0.25898296
64922 -0.7072897
64930 0.15348998
64932 -0.40485677
64957 -0.478742
64961 -0.44191524
64997 -0.6114547
65099 -0.5366844
65131 -0.35150358
65137 -0.28286716
65249 -0.7144337
65283 -0.44293624
65325 -0.39873952
65329 -0.18706076
65355 -0.26323155
65368 -0.31020385
65420 0.2488899
65487 -0.27225152
65503 0.13479443
65510 -0.68691844
65524 -0.41378164
65543 -0.46783748
65629 -0.4814868
65644 -0.7396843
65649 -0.36196762
65678 -0.23724823
65719 -0.37471414
65743 -0.38767874
65764 0.10792374
65829 -0.8023288
65842 0.05950435
65896 0.07233877
65905 -0.60575545
65935 -0.65951914
65960 -0.25596267
66023 -0.17322887
66045 -0.7949222
66048 -0.95333785
66079 -0.03840819
66088 -0.28353718
66113 -0.33219582
66130 -0.53709155
66239 -0.5774122
66244 -0.15341945
66245 -0.29760605
66252 -0.1620689
66274 -0.43945697
66335 -0.5515544
66373 -0.25599128
66394 -0.06156018
66403 -0.4761681
66412 0.011039302
66435 -0.49791825
66442 -0.3883333
66492 -0.8859562
66500 -0.7739807
66535 -0.7208762
66551 -0.68258053
66659 -0.6215562
66673 -0.63638234
66713 -0.76155746
66714 -0.22339974
66764 -0.7956195
66830 -0.6718585
66861 0.2485774
66913 -0.46221098
66919 -0.2552542
66930 0.3221581
66938 -0.7480706
66940 -0.5764292
66947 -0.7014145
66956 -1.0052186
66962 -0.5917921
66991 -0.30622175
67025 -0.787251
67052 -0.7072298
67061 -0.21194512
67074 -1.2610112
67076 0.35987034
67085 -0.7072139
67093 -0.021973496
67170 -0.57859474
67192 0.6792274
67263 -0.94554937
67296 0.55079395
67299 -0.8484204
67300 -0.14604428
67302 0.0098976195
67327 -0.46646658
67335 -0.13666783
67344 -0.19931774
67370 -0.84243464
67376 -0.20722061
67408 -0.5833611
67451 -0.9056458
67466 -0.14004782
67508 -0.7207859
67511 -0.76619405
67519 -0.48145416
67554 -0.1668415
67570 -0.12571654
67578 0.4763419
67618 -0.04020185
67730 -0.42850685
67772 -0.122247554
67830 -1.2909578
67879 0.516729
67893 -0.5245909
67999 -0.10628518
68000 -1.1134778
68005 -0.11616839
68010 -1.1362501
68045 -0.4429038
68075 -0.8462835
68082 -0.26429084
68117 -0.38100746
68136 -0.3106465
68195 -0.5396325
68224 -0.21905588
68225 -0.4969168
68243 -0.6538407
68256 0.20111793
68266 -0.23313731
68273 -0.5235914
68279 -0.5942625
68281 -0.2994432
68315 1.208825
68325 -0.51272297
68344 -0.52473164
68397 -0.2871094
68429 -0.039228
68439 -0.6204165
68448 -0.016661448
68484 -0.280123
68487 -0.36480165
68533 -1.024832
68544 -0.06489287
68583 0.2133119
68641 1.1304508
68655 0.606543
68676 -0.52333266
68689 -0.4230668
68695 -0.4894693
68790 -0.62705094
68798 0.17903243
68823 -0.11677109
68885 -0.3514138
68888 -0.54149306
68902 -0.7449783
68904 0.0087610325
68913 0.09364659
68949 -0.0078266
68974 -0.08447606
69012 -0.4051133
69029 -0.5429426
69030 0.39812386
69069 0.15464255
69124 -0.0015451149
69172 -0.5873939
69189 0.52382207
69199 -0.10584125
69208 -0.5082919
69214 -0.49228272
69282 -0.43720692
69336 0.14888927
69364 -0.44401973
69374 -0.78264135
69391 -0.69878554
69426 -0.10467515
69473 0.03630756
69488 -0.42799616
69533 0.18010713
69535 -0.6288863
69572 -0.44050604
69584 -0.29096568
69605 0.6274736
69625 -0.22157562
69639 -0.51072246
69647 -0.8222733
69680 -1.074356
69708 -0.2979727
69716 -0.72811395
69733 -0.77371573
69797 0.5135375
69799 -1.1100936
69893 -0.56444186
69934 -0.79613006
69937 -0.23476306
69944 -0.19080187
69956 -0.49917668
69957 -0.6243324
70022 -0.5111741
70042 -0.39501238
70076 0.24770652
70087 -0.21920809
70111 -0.6347765
70156 -0.3761919
70173 -0.78019667
70189 -0.4502046
70228 -0.432345
70255 -0.27850094
70296 -0.30581027
70297 -0.27142715
70336 -0.32627022
70359 -0.5375455
70366 -0.18613271
70416 -0.21459945
70472 0.5820913
70502 -0.31496283
70512 -0.28360423
70514 1.0787961
70530 -0.47234273
70555 -0.03677771
70578 -0.28874573
70592 -0.5933903
70665 -0.38568828
70680 -0.2464188
70683 0.3594057
70712 -0.78569186
70744 -0.42272344
70800 -0.57963586
70806 -0.03479797
70852 -0.78418535
70873 -1.1831878
70893 -0.47369832
70904 0.5280812
70907 -0.15182275
70933 -0.4999267
70954 -0.27580082
71051 -0.65550715
71099 0.12172457
71127 0.27395293
71200 -0.5467412
71234 0.041367233
71239 -0.32869112
71275 -0.1676564
71331 -0.9878635
71358 -0.37785697
71481 -0.6423794
71492 -0.11180561
71507 0.2661441
71509 0.10821215
71522 -0.23885351
71544 -1.1207998
71547 1.1355196
71606 -0.4284871
71621 -0.5860636
71655 -0.04591259
71658 -0.034474514
71662 -0.74688643
71705 -0.25827178
71725 -0.07770749
71740 -0.5285381
71745 -0.5804903
71749 -0.28015622
71765 -0.22543961
71812 -0.33291325
71826 0.038117968
71855 -0.2192374
71860 -0.23556587
71864 -0.43614134
71882 -0.6403272
71922 0.007915485
71970 0.7888987
72034 -0.41416013
72045 -0.20008935
72053 0.253967
72064 -0.7075294
72080 -0.6427031
72114 -0.28135398
72184 1.2671902
72200 -0.36947554
72283 -0.57158774
72288 -0.62897
72292 0.21524778
72318 -0.6936662
72336 0.3910596
72347 -0.67660004
72373 -0.71396667
72382 -0.57616746
72621 -0.69981384
72647 -0.570315
72651 -0.26782355
72667 -0.26233572
72705 -0.33818945
72739 -0.6241358
72804 0.021440284
72867 -0.6770816
72926 -0.6321855
72973 0.8015119
72994 -0.16648199
73025 -0.6113766
73086 -1.0317031
73088 -0.723946
73138 -0.65357685
73153 -0.14839958
73270 -0.7273225
73353 -0.44183186
73365 -0.6862997
73377 -0.7439284
73396 -0.04044672
73423 -0.6606746
73478 -0.06321092
73517 -0.23801768
73525 -0.18291613
73566 -0.8014525
73710 -0.10187073
73716 -0.19169982
73734 -0.7448502
73809 -0.07972771
73811 -0.12356582
73812 0.009712111
73820 -0.32200348
73857 -0.6655579
73883 -0.57648015
73894 -0.8269741
73941 -0.37773818
73957 -1.231526
73985 -0.13553411
73990 -0.18686391
74127 -1.5490423
74170 0.040211257
74181 -0.31492504
74269 0.24571554
74280 -0.4557145
74292 -0.3847478
74321 -0.7667092
74324 -0.22762822
74353 -0.3602369
74366 -0.6681443
74369 -0.43551612
74378 -0.77592593
74381 -0.21798725
74442 -0.42976257
74443 -0.21223177
74454 -0.26988736
74495 -0.16945007
74546 -0.21127981
74641 -0.6268602
74650 -0.5483543
74662 -0.89301866
74663 -1.1950331
74683 -1.096293
74763 0.48476136
74800 -0.05849939
74845 -0.50496566
74850 -0.6631143
74861 0.2627377
74875 0.047694493
74893 -0.5277825
74894 -0.30799454
74907 -0.9966123
74929 -0.09867721
74932 -0.34030628
75012 -0.12143064
75022 -0.9240724
75049 -0.20283979
75112 -0.7214318
75126 -0.21154599
75134 -0.56226397
75169 0.26336336
75195 0.8561494
75203 -0.22268076
75242 -0.41434887
75251 0.22397931
75268 -0.7271132
75287 -0.40611833
75290 -0.031067945
75311 -0.42249724
75316 -0.7713285
75335 -0.37957558
75341 -0.5897277
75361 -0.36664417
75378 -0.39036593
75423 -0.7114549
75474 -0.37607545
75525 -0.008749998
75542 -0.73036903
75595 0.24919859
75672 0.35433853
75674 -0.3676171
75689 -0.2527043
75769 -0.029873377
75779 -0.48797703
75781 -0.4650266
75830 -0.17237864
75832 -0.6658792
75851 -0.57059395
75898 -0.6273882
75991 -0.55254453
76048 -0.3902514
76084 -0.10311114
76109 -0.22471778
76147 0.35074598
76277 -0.7134796
76282 -0.896992
76306 -0.33070853
76316 -0.62883824
76331 -0.8596074
76466 -0.6661225
76477 -0.43450758
76529 -0.8600388
76544 -0.58077705
76598 -0.6563695
76608 -0.13706203
76618 -0.3835526
76670 -0.9167798
76689 -0.1748814
76732 -0.7999426
76753 -0.6631472
76784 -0.666258
76807 -0.041261304
76824 -0.2092979
76908 -0.49560827
76918 -1.0578752
76984 -0.33094558
77027 -0.86715925
77106 -0.016778903
77125 -0.18767919
77135 -0.33189806
77144 -0.5775026
77162 -0.38076827
77184 -0.6567605
77198 -0.17362678
77202 -0.31382018
77207 0.12974018
77236 -0.21839225
77283 -0.4918474
77310 -0.74953085
77333 0.058279675
77336 -0.55794376
77337 -0.46051058
77340 -0.4451006
77343 -0.17224766
77366 -0.6519598
77370 -0.69821846
77377 -0.702277
77390 -0.76930416
77504 -0.1661329
77513 -0.7954714
77520 -0.8312938
77553 -0.5121955
77580 -0.13200067
77612 -0.16229612
77622 -0.22962667
77643 -0.4495167
77653 0.22735481
77677 -0.5389448
77689 -0.5266211
77705 -0.6239279
77772 -0.8681078
77773 -0.22879508
77819 -0.2890876
77829 -0.57756376
77863 -0.42563176
77915 -0.60177255
77946 -0.34168434
77993 0.037031166
78003 0.1125602
78006 -0.55473155
78051 -1.0484108
78093 -0.46740037
78126 0.37678224
78129 0.038271163
78171 -0.59222746
78248 -0.7409264
78260 -0.3008319
78364 -0.35313746
78375 -0.5820055
78401 -0.4120175
78402 0.35067162
78473 -0.34746885
78487 -1.0528448
78588 -0.64628714
78653 1.1650752
78657 0.3706341
78664 -0.6183497
78683 -0.34298903
78695 -0.4484008
78915 -0.253908
78934 -0.52753115
78969 -0.100183375
79091 -1.4441928
79098 -0.24935149
79129 -0.46025935
79161 -0.65393835
79170 -0.15562542
79230 -0.67941374
79260 -0.29016733
79338 -0.0018618079
79372 -0.6849119
79376 -0.35987946
79429 -0.40487257
79458 -0.9865223
79462 -0.3452427
79463 -0.78719836
79503 -0.2425757
79519 -0.5590273
79538 -0.6269312
79545 -0.16640833
79547 -0.3168635
79586 1.1611327
79592 -0.5723514
79630 -0.18136
79866 -0.9114716
79897 -0.2598966
79920 -0.7546013
79980 0.056236193
80023 -0.2874699
80057 -0.20430082
80162 -0.14862631
80176 0.54108083
80218 -0.27899006
80247 -0.5790125
80288 -1.190839
80329 -1.0630043
80333 -0.65310794
80343 -0.41388
80368 -0.39763388
80394 -0.8853339
80446 -0.14337203
80501 0.0068952986
80503 0.0008574475
80511 0.19174814
80525 -0.27332115
80548 -0.095486216
80563 -0.8245017
80590 -0.7864589
80629 -0.432751
80698 -0.68920034
80704 -0.1946707
80726 -1.062512
80768 -0.20008785
81006 -0.6440068
81055 0.021366047
81089 -0.69070876
81103 -0.07252275
81120 -0.8696375
81205 -1.1717656
81262 0.50141746
81263 0.505718
81264 -1.2584502
81301 0.046559654
81330 -0.327808
81343 -0.3662092
81374 -0.19894502
81443 -0.25906065
81462 -0.33686626
81526 -0.22548667
81533 -0.2954752
81539 -0.22335729
81541 -0.8389751
81543 -0.2983584
81597 -0.38014466
81626 0.25486046
81708 -0.13300546
81717 -0.04594105
81763 0.025771579
81860 -0.48844957
81862 -0.40586177
81910 1.0313625
81930 0.4271818
81981 -0.3593868
81982 -0.79103976
82001 -0.40959227
82023 -0.3818801
82046 0.062639415
82064 -0.41107288
82141 -0.7567215
82157 -0.3081961
82179 -0.7288063
82184 -0.2929873
82222 -0.80755156
82223 -0.39749944
82328 0.45502496
82331 -0.2756124
82363 -0.99325657
82383 -1.160321
82461 -0.8046973
82475 -0.89890367
82484 0.37278876
82495 -0.8458295
82498 -0.5754713
82584 -0.45083624
82616 -0.63055885
82626 -0.32373258
82627 -0.6932378
82646 -0.6348185
82709 -0.42436203
82755 0.013837579
82761 -1.2265949
82768 -0.41333812
82842 -0.5235959
82911 -0.16392855
82948 -0.92555356
82991 -0.043729756
83026 -0.22975637
83243 -0.5454912
83252 -0.6631114
83255 -0.40987518
83259 -0.33268046
83273 -0.6568312
83309 -0.23481062
83318 -0.9740336
83325 -1.2150373
83333 -1.5880677
83381 -0.29310855
83461 -0.5834457
83488 -0.5416066
83504 0.21335818
83700 -0.26862764
83709 -0.46223035
83773 -0.36721826
83779 -0.9817416
83791 -0.8390165
83796 -1.4784145
83828 -0.7448164
83852 -0.50338346
83874 0.39833942
83894 -0.15677881
83899 0.0029617883
83932 -0.35036096
83967 -0.6602025
83981 -0.63014346
83990 -0.12791786
83995 -0.2750776
84090 -0.015202984
84142 0.37056112
84201 -0.8459915
84203 -0.36714575
84310 -0.25423324
84312 0.5572521
84328 0.0023667566
84329 0.6097242
84340 -0.2646997
84380 -0.6479038
84647 0.2215286
84649 -0.79101247
84756 -0.19774406
84799 0.47221065
84830 0.2820994
84835 -0.11670581
84860 -0.61106324
84927 0.8054449
85010 -0.030573387
85020 -0.34207225
85023 0.42710984
85042 0.25823116
85076 -0.4629461
85084 -0.18771715
85105 -1.2373905
85138 -0.22799972
85149 0.82244474
85168 -0.937492
85184 -0.53421706
85195 -0.46295157
85211 -0.60961604
85252 -0.4773016
85255 -0.710378
85273 -0.22713143
85420 0.25478125
85454 -0.23428659
85466 -0.5038357
85490 -0.48734447
85499 -0.2755801
85557 0.36947477
85563 -0.48536244
85579 -0.5146121
85665 -1.1049073
85727 -1.0013387
85773 0.22847687
85805 -0.79170716
85817 -0.71128726
85847 -0.45527413
85898 -0.88443166
85982 0.3244322
86036 -0.19603217
86039 -0.24444519
86071 -0.6577992
86095 0.015777238
86281 -0.9026824
86350 -0.5940176
86376 -0.48142302
86379 -0.39925238
86403 0.1981073
86454 -0.21872632
86508 0.6782793
86534 -0.46925715
86588 -0.12986226
86785 -0.5155489
86824 -0.6250342
86867 -0.3928907
86984 -0.37168884
86990 -0.5050184
87067 0.14359291
87093 -0.19420783
87104 -0.17536233
87144 -0.62026644
87174 -0.59590375
87202 -0.21758811
87208 -0.6711532
87267 -0.76208603
87284 -0.5872638
87297 -0.602482
87311 -0.52494866
87323 -0.015884718
87343 0.08823752
87402 -0.26733172
87439 -0.4932482
87441 0.007529037
87542 1.0262542
87556 -0.659869
87586 -0.77627856
87607 -0.95625824
87654 -0.029618062
87690 -1.3682363
87709 -0.20194903
87754 -0.080269344
87757 -0.6159908
87783 -1.2988533
87874 -0.2097737
87982 0.20814271
87997 -0.24795724
87998 -0.54268855
88035 -0.5634791
88079 -0.7834676
88094 -0.76621354
88096 -0.754234
88101 -0.07257647
88137 -0.70551217
88156 -0.118580595
88213 0.23580611
88242 -0.9689761
88289 -0.19530857
88378 -0.27526152
88388 -0.26072162
88410 -0.42628232
88428 -0.25088048
88430 -1.1419505
88439 0.34754592
88531 0.029954566
88618 -0.7197738
88640 -0.57302064
88659 0.1647443
88662 -0.4423029
88676 0.3629648
88682 -0.41205788
88688 0.015448802
88703 -0.7144058
88719 -0.76635677
88728 0.18721506
88743 -0.16206442
88745 -0.5204277
88760 -0.8736664
88892 0.37332305
88941 -0.48303446
88978 -0.6833725
89049 -0.37392676
89088 -0.11077553
89133 0.17119819
89193 -0.5341264
89235 -0.46427628
89294 0.059238702
89324 0.028949948
89363 -1.1868936
89417 -0.45288578
89425 -0.15147592
89522 -1.2258198
89527 -0.22724797
89585 0.2245103
89643 0.23898783
89699 -0.5226305
89716 -0.3886886
89725 0.23901689
89753 -0.37658107
89769 -0.736146
89812 -0.2621766
89843 0.16497888
89845 -1.0592453
89940 -0.33005917
90006 -0.41462058
90189 -0.13765632
90195 -1.0413697
90215 -0.071743146
90230 -0.60385776
90245 1.1838915
90357 -0.1169912
90394 0.64258915
90465 -0.06065729
90475 -0.55436426
90517 -0.32491437
90580 -0.3686284
90597 0.050834514
90635 -0.82022303
90703 0.90100956
90793 -0.38724726
90817 -0.5045529
91010 0.06282479
91035 -0.41381896
91091 -0.6797666
91101 0.5365369
91104 -0.8121165
91114 -1.0895251
91181 -0.6554309
91185 -0.9134434
91236 0.19372717
91254 -0.40100127
91463 -0.6272398
91496 0.09384364
91521 -0.2765438
91532 0.7142979
91538 -0.5258952
91648 -0.8102199
91711 -0.755378
91745 -0.2955964
91839 -0.600302
91840 -0.3302236
91868 -0.3475861
91869 0.21818995
91981 0.45350358
92024 -0.019812334
92102 -0.03778539
92209 -0.4826068
92339 -1.034174
92400 -0.34907722
92428 -0.46656162
92445 -0.5083313
92463 -0.33583558
92499 0.31777745
92528 -0.65048903
92532 -0.061498124
92535 -0.5510816
92659 -0.9802329
92668 -0.24503717
92707 -0.35890096
92826 -0.099839255
92852 -0.20892626
92857 -0.7129345
92894 -0.25770807
92903 -0.7961274
92937 -0.4439286
92961 -0.33628646
93028 -0.31602925
93031 0.048324704
93033 -0.49519795
93138 -0.825993
93143 -0.3924804
93170 -0.25963873
93204 -0.27588254
93213 -0.6732224
93276 -0.16200845
93314 -0.55745584
93400 -0.6603173
93414 -0.60510397
93432 0.9929189
93436 -1.0307554
93443 -0.3397718
93467 -0.37445632
93476 -0.46514317
93509 -0.39435944
93512 -0.26318344
93558 -0.40386066
93569 -0.009462181
93659 -0.16023184
93676 -0.4046754
93698 -0.516777
93763 -0.4373764
93779 -0.724826
93815 -0.33227143
93909 -0.6802151
93910 -0.21832323
93946 -1.33127
94045 -0.5889614
94188 0.13554768
94227 -0.3485982
94252 -0.26513892
94277 -0.41977727
94302 -0.885287
94306 -1.2863994
94310 -0.33709964
94341 -0.71643406
94352 0.56821996
94359 0.8483985
94397 -0.37635094
94432 -0.3718326
94436 -0.42298707
94451 -0.36576465
94535 -0.541292
94555 -0.27952385
94582 -0.44293752
94614 -0.5819011
94686 -0.25198847
94700 -1.4569618
94723 1.3581586
94725 -0.5788097
94740 -0.24584334
94812 -0.10145241
94832 -0.6271315
94921 -0.5396858
94938 -0.4215337
94987 -0.30035612
95099 0.68599665
95161 -0.02807383
95224 0.3976438
95233 -0.47433364
95237 0.22519408
95246 -0.00512194
95256 -0.126876
95259 -0.5495095
95301 -0.57030714
95333 0.017616086
95384 -0.8727306
95395 -0.6436996
95399 -0.116277866
95561 -0.12850119
95570 -0.47773215
95589 -0.89920783
95602 1.3047822
95605 -0.24332537
95643 -0.47965318
95674 -0.15840428
95681 -0.2532863
95755 -0.3622592
95775 0.5869032
95840 -0.8164949
95905 -0.31434968
95907 -0.61314845
95911 -0.26100704
95912 -0.63782173
95986 -0.9854263
96016 -0.6227389
96104 -0.6559541
96246 -0.5668676
96285 -0.42168555
96313 -0.06894483
96379 -0.13555673
96381 -0.6403643
96407 -0.50212264
96410 -0.55881715
96441 -0.39324862
96479 -0.51637715
96481 -1.1181282
96482 -0.8118715
96490 -0.37530452
96568 -0.08314562
96577 -0.40814027
96579 -0.35313982
96611 -0.17730372
96616 -0.39749718
96644 0.07561735
96743 -0.3445513
96761 -0.15885076
96777 -0.5496544
96790 -0.5324294
96868 -0.5700129
96900 0.047264166
96921 -0.96614116
96924 -0.5740689
96971 -0.6627604
96992 -0.84831697
97064 0.16108193
97094 -0.5831037
97110 -0.6354812
97174 -0.347866
97200 -1.2470422
97207 -0.55381346
97210 -0.5307154
97232 -0.91057956
97258 -0.6278814
97285 -0.43244553
97311 -0.29493886
97315 -0.8070818
97374 -0.35500306
97390 0.053019777
97391 -0.60667396
97404 -0.3830908
97453 -0.2449827
97470 -0.37613398
97500 -0.29642898
97545 -0.48770782
97546 -0.51591253
97566 -0.55412525
97569 -0.46895358
97585 -0.39884812
97595 -0.48264712
97611 -0.20728177
97622 -0.7871866
97643 -0.50279444
97669 -0.5860199
97677 -0.46663272
97752 -0.60490507
97774 -0.48573387
97830 -0.4798314
97834 -0.46501994
97836 -0.1862181
97845 -0.44089553
97866 -0.7954755
97920 0.21896675
98010 -0.22940694
98019 -0.6127189
98106 1.0754292
98195 -1.1594081
98210 -0.42792377
98286 0.10460457
98379 -1.037447
98443 -0.79868037
98463 -0.09224707
98473 -0.15311071
98486 -0.6970917
98619 0.17002162
98645 0.14583927
98661 -0.2230581
98663 -0.5850093
98750 0.5915669
98782 -0.49978718
98791 -0.7577327
98793 -0.42916337
98851 -0.425948
98858 -0.36407456
98877 -0.09547975
98883 -0.33601108
98890 -0.65839607
98924 0.22069146
98926 -0.6807216
98967 -0.2737983
98970 -0.6038951
99021 -0.64015514
99028 -0.66060555
99060 0.21825278
99088 -0.5677459
99108 -0.33439308
99186 -0.1900486
99236 -0.4437737
99294 -0.8248327
99297 -0.76960975
99333 -0.18299498
99356 -0.3565439
99371 -0.41102576
99423 0.45640188
99440 -0.7468468
99464 0.3794731
99497 -0.08961683
99511 -0.7548212
99518 0.2943991
99537 -1.0407485
99591 -0.27252328
99592 -0.44282272
99612 -0.7216963
99717 -0.92994595
99754 0.10543998
99766 -0.5325043
99768 -0.6041866
99789 -0.4217735
99796 -0.6551644
99846 -0.9088313
99894 -0.7433332
100107 -0.8357338
100187 -0.57489705
100202 -0.80916953
100258 -0.46841806
100276 -0.78495246
100299 -0.5393536
100309 -0.5947014
100319 -0.28050494
100338 -0.5794164
100355 0.4642524
100400 -0.1798372
100426 0.21604013
100431 -0.33550578
100437 -0.6389295
100488 -0.54328847
100509 -0.7089348
100532 -0.008201811
100534 0.09294118
100605 -0.20010762
100668 -0.21592744
100670 -0.8097242
100764 -0.94261074
100782 0.9090244
100785 -0.6961057
100833 -0.737004
100946 -0.33144364
101045 0.18140686
101126 0.036417637
101132 -0.5426199
101288 -0.58001405
101298 -0.5570636
101348 -0.04728445
101392 -1.1990451
101422 -0.7487025
101444 0.024448477
101477 -0.27267665
101503 0.4178882
101541 -0.3165433
101546 -0.61509544
101598 -0.5049563
101624 -0.23277271
101638 -0.6180232
101661 0.88163245
101688 -0.4932822
101706 0.13339585
101748 -0.7502164
101837 -0.6487202
101853 -0.5335802
101862 -1.054128
101878 -0.4983572
101903 -0.50095767
101907 -0.14267711
101955 -0.20170839
101989 -0.21428968
101999 -0.32860425
102060 1.0082424
102102 -0.016639318
102171 -0.17618151
102360 -0.9298766
102415 -0.14091511
102500 0.043382294
102513 -0.2028051
102531 0.7733136
102570 0.1263912
102580 -0.5119279
102593 -0.1701619
102599 -0.59829825
102601 -0.88622767
102675 -0.590319
102679 -0.20474577
102702 -0.033355244
102829 -1.3847033
102902 -0.17106928
102908 0.19068496
102931 -0.0981947
102935 -0.3940073
102940 0.239378
102941 -0.82231903
102987 -0.91058403
103052 -0.80171734
103076 -0.051020477
103083 -0.051732406
103106 -0.3314204
103122 -0.5862814
103126 -0.37182343
103142 -0.63925
103180 -0.5235422
103428 0.47020134
103464 -0.3454825
103467 -0.22327077
103516 0.0317089
103561 -0.7085301
103600 -0.056577392
103618 -0.7374865
103625 -0.20883596
103626 -0.32930484
103672 -0.17448473
103730 -0.8086244
103737 -0.47996193
103800 0.10759068
103881 -0.8041033
103904 -0.2058778
103951 -0.23620836
103990 -0.47737646
104020 -0.4158311
104045 -0.82182544
104125 -1.1027591
104317 -0.36094004
104329 -0.08504614
104349 0.11019067
104464 -0.78125685
104487 -0.9628216
104519 -0.8349297
104609 -0.35645452
104652 -0.13232067
104678 -0.5381832
104822 0.2669342
104889 -0.60956895
104892 -0.50263613
104947 -0.38316917
104952 -0.11603766
105016 0.32851124
105053 -0.7140124
105061 -0.24963564
105076 -0.47000602
105322 -0.31704545
105352 0.019501654
105367 0.16891931
105420 0.087134965
105460 -0.39409783
105566 -0.20429009
105614 -0.26793328
105617 0.47080973
105669 0.97634965
105699 -0.9728524
105717 0.16767116
105718 -0.018931285
105727 -0.5081062
105777 -0.03422441
105799 -0.24693559
105932 -0.50796115
105994 -0.661556
106111 0.980709
106152 -0.62974894
106158 -0.20437273
106181 -0.659147
106195 -1.1094177
106253 -0.4423857
106260 -0.6627031
106263 -0.44557905
106287 -1.093854
106321 -0.051100284
106340 -0.605142
106383 -0.53805774
106422 -0.499602
106505 -0.4690232
106563 -0.41009268
106605 -0.19290657
106646 -0.6152237
106666 -1.45292
106699 -0.21390109
106853 -0.527769
106870 -0.55370396
106882 -0.54353213
106983 -0.41477904
106989 -0.28143835
106992 -0.33600157
107026 -0.3190747
107049 -0.309443
107082 -0.13048679
107112 -0.47045866
107121 -0.20583205
107172 -1.2006304
107183 -0.6684155
107277 0.17943941
107283 -0.4305621
107379 -0.23305474
107395 -0.77015793
107466 -0.54743886
107578 0.02553708
107603 -0.46747977
107643 -0.22966069
107673 -0.8589408
107734 -0.6300972
107874 -0.67254156
107877 -1.0123694
107879 -0.945643
107894 -0.5649638
107923 -0.114904076
108003 -0.15535223
108111 -0.4780334
108167 0.28561234
108185 -0.32397068
108211 -0.7971895
108225 -0.69692576
108229 -0.8810066
108245 0.16861333
108293 -0.37025237
108321 -0.7232386
108366 -0.14667907
108451 -0.8861049
108453 -0.38656256
108612 -0.5652134
108625 -0.72498465
108655 -1.0125421
108703 -0.5972885
108716 -1.1884756
108757 0.66137624
108793 0.32105595
108806 0.3023222
108914 0.3412509
108977 0.03825636
108984 -0.0914688
109010 -0.42601007
109011 -0.47654974
109014 0.2720313
109042 0.024878481
109051 -0.5469379
109142 -1.1943189
109148 -0.41139516
109215 -0.26218802
109256 -0.512743
109257 -0.41310847
109286 -0.09101648
109348 -0.58191156
109437 -1.2753131
109451 -0.8407514
109452 -0.28031242
109508 -0.3499948
109524 0.0831133
109659 -0.7073805
109720 -0.036275458
109761 0.1913985
109822 -0.5899084
109866 -0.24283881
109899 -1.0551664
109905 0.017861288
109949 -0.5565077
109976 -0.87641066
109991 -0.18559213
110257 -0.38804016
110313 -0.8197063
110374 -0.7800288
110383 -0.4763447
110458 -0.094730206
110494 0.119259216
110498 0.6058298
110575 -0.4201605
110582 0.011363707
110607 -0.44185677
110608 -1.0107614
110681 -0.4953075
110766 0.23732859
110787 -0.6220146
110824 -0.520618
110887 1.0674165
110900 0.72075677
110938 -0.005945038
110993 -0.49291304
111014 -0.5266001
111021 -0.41574603
111070 -1.0274967
111107 -0.327988
111158 -0.5138272
111163 -0.7909092
111176 -0.55522674
111193 -0.6962603
111199 -0.14818728
111271 -0.7860553
111273 -0.4416735
111407 -0.58000255
111458 -0.07388117
111474 -0.19492099
111522 -0.76424605
111527 -0.8591964
111541 -0.6815568
111586 -0.6265611
111623 -0.7653123
111650 -0.1787225
111835 -1.0294943
111886 -0.73896146
111937 -0.732434
111985 -0.23497388
111989 0.24548186
112011 -0.4652296
112021 0.038060874
112025 -0.58430743
112073 -0.4879579
112173 -0.34608737
112261 -0.6644834
112417 -0.22920609
112478 -0.23721409
112488 0.3976529
112496 -0.33471847
112734 -0.29190814
112742 0.42059967
112807 -0.28200218
112843 -0.8125707
112981 -0.26465923
113082 -0.14956021
113093 -0.71959084
113129 -0.032065373
113146 -1.0166988
113157 0.14980005
113161 -0.14340429
113165 -1.3597295
113167 0.25429732
113177 -0.38431606
113224 -0.56692016
113279 -0.040335298
113294 -0.03548745
113295 -0.065780014
113301 0.8106537
113309 -0.2702111
113316 -1.045219
113358 -0.34786886
113359 -0.84461606
113365 -0.737566
113382 -0.71229964
113413 -0.6399312
113423 -0.60168093
113474 0.48312888
113510 -0.0038161
113521 0.2360627
113541 -0.3531092
113636 0.026038779
113649 0.80127347
113680 -0.39674672
113683 -0.8348324
113690 -0.11358741
113700 -0.40592426
113713 -0.4517276
113716 -0.46914956
113738 0.2271054
113742 -0.60331994
113770 -0.43791437
113787 -0.46610028
113824 -0.5897329
113835 -0.48127097
113838 -0.914535
113851 -0.57997406
113860 -0.53768647
113865 -0.34946364
113886 0.2516825
113913 -0.52624077
113918 -0.754384
113948 -0.7624046
113952 -0.59566903
114009 -1.1972334
114022 -0.32607448
114051 -0.18220085
114065 -0.28049314
114097 -0.68996537
114105 -0.37816015
114141 0.05580341
114155 -0.3843451
114168 -0.5959671
114177 -0.3605233
114209 -0.42261487
114226 -1.1865604
114344 -0.20896642
114358 -0.31758133
114397 -0.3629658
114444 -0.46289387
114476 0.031828877
114513 -0.3644865
114537 -0.7153365
114555 -0.12512223
114642 -0.8469761
114659 -0.7023344
114661 -0.5876259
114672 -0.43187246
114676 -0.37212735
114685 -0.25063488
114718 -0.9980332
114741 -0.45676455
114742 -0.72120094
114749 -0.9881122
114781 -0.69998693
114816 -0.11099476
114822 -0.14830033
114834 0.8452974
114835 -0.6438936
114899 -0.84213245
114912 -0.25331867
114916 -0.70281756
114933 -0.65702075
114960 -0.9564195
114972 0.14551127
114980 -0.6974273
114998 -0.4192378
115064 -0.077240996
115114 -0.28508523
115144 -0.49505743
115150 -0.56333506
115162 -0.3640928
115164 -0.49326327
115216 -0.25757217
115221 -0.48188713
115271 0.011453654
115280 -0.9667945
115283 -0.77166843
115298 -0.1295655
115315 -0.6986218
115347 -0.37288752
115350 0.037549175
115353 0.06933689
115359 -0.32774803
115369 -0.503334
115370 -0.041714672
115393 -0.39212668
115544 -0.32552987
115554 -0.25581548
115627 0.27106744
115641 0.10576644
115688 0.4804817
115696 -0.5112489
115703 -0.10252191
115706 0.011488735
115707 0.1242526
115722 -0.7708634
115733 0.04391704
115744 -0.20835102
115745 -0.5422015
115747 -0.40390575
115749 -1.3624531
115752 0.39556006
115760 -0.5208016
115804 -0.46972603
115815 -0.636094
115832 -0.056590803
115855 -0.9126148
115864 -0.20730068
115887 0.42665315
115903 -0.67274696
115926 -0.6373146
115932 -0.6445658
115963 -0.2727255
115976 0.32159492
115979 -0.53375226
116013 -0.03731503
116038 -0.32717115
116085 -0.5523427
116094 -0.088190116
116192 -0.48096693
116198 0.058958095
116211 -0.006862162
116233 -0.7142457
116276 -0.0054088593
116286 -0.2820213
116315 0.6630663
116329 -0.13571894
116374 -0.59404033
116375 -0.30568796
116378 -0.67557293
116383 0.46250358
116390 0.75355077
116395 -0.9450205
116489 -0.4069168
116494 -0.84826803
116534 -0.87796813
116547 -0.08526013
116599 -0.9408221
116602 -0.6191633
116626 -0.45058703
116628 -0.24508671
116688 -0.7092295
116695 -0.59373736
116699 -0.5143596
116765 -0.5092173
116820 -1.0238687
116837 -0.7100643
116883 -0.22204721
116890 -0.2753609
116935 -0.92397475
116956 -0.7541412
116957 -0.16468151
117012 -1.0783138
117022 -0.70892996
117023 -0.5672274
117082 -0.9853053
117086 -0.34542322
117087 -0.7635121
117091 -1.3602171
117134 -0.9426977
117151 -0.2616678
117200 0.031552617
117201 -0.44265395
117202 0.2374385
117209 -0.2487146
117217 -0.27244332
117240 -0.4165678
117242 -0.36016604
117247 -0.25398174
117260 -0.09475375
117281 -0.616421
117289 -0.5320412
117293 -0.47354627
117303 -0.83135086
117312 -0.5450069
117410 -0.6120428
117412 -0.81172645
117470 -0.66861624
117471 0.36981854
117477 -0.91666347
117485 -0.19580531
117486 0.7928795
117529 -0.24023497
117542 -0.6897187
117560 -0.096922524
117636 -0.24208969
117676 -0.59973
117682 -0.6937704
117716 -0.44780394
117756 -0.31313485
117774 -0.1798737
117832 -0.66591835
117847 -0.8082451
117852 -0.32316098
117854 -0.29914665
117875 -0.23779047
117883 0.1571906
117902 -0.9165748
117937 -0.06508342
117960 0.016772952
118066 -0.5011146
118113 -1.2499757
118155 -0.50402397
118180 -1.2448872
118243 -0.4235199
118266 -0.39156982
118352 1.0176897
118363 -0.5813117
118372 0.33595783
118437 -0.20956881
118442 -1.2071123
118453 0.9280703
118466 -0.57891244
118501 -0.3641175
118537 -0.5514154
118591 -0.34260574
118599 -0.11469403
118612 0.06298691
118617 -0.29274818
118618 -0.4882842
118663 0.20770943
118667 1.0452371
118671 -0.7337598
118673 -0.6119604
118681 -0.5450569
118718 -0.20973727
118723 -0.5140303
118753 -0.7518995
118812 -0.6171293
118814 0.06782037
118848 1.1033169
118914 -0.2387898
118924 -0.4982577
118927 -0.93361604
118928 -0.20075743
118939 -0.2711937
118974 -0.5850606
118982 -0.48819068
119042 -0.41694185
119046 -0.4551937
119094 -0.76356876
119133 0.18858452
119137 -0.93186146
119138 -0.17211682
119153 -0.104846604
119179 -1.0929196
119188 -0.2707295
119218 -0.5295377
119285 -0.3638899
119331 -0.29469424
119381 -0.7250895
119445 -1.0172031
119469 -0.7984278
119473 0.020239802
119483 -0.92898124
119504 -0.30208403
119509 0.3260413
119524 0.14722879
119525 -0.39007023
119627 -0.54387844
119653 -0.49054873
119654 -0.2570438
119688 -0.1482465
119696 -0.58975357
119764 -0.5489175
119770 1.0879846
119796 -0.81762815
119814 -0.8507725
119820 -0.21183981
119828 0.17578591
119846 0.031830758
119868 -0.36466902
119889 0.5085575
119910 -0.46146715
119928 -0.5283655
119939 0.08107173
119994 -0.02131662
120104 -0.28883317
120141 -0.4519815
120256 0.20299424
120262 -0.7246589
120269 -0.37832248
120289 -0.623701
120331 -0.469033
120339 0.09888524
120449 -0.88338727
120456 -0.902978
120486 -0.85646343
120491 -0.096482195
120513 -0.66976637
120517 -0.6048899
120527 0.25607708
120531 0.0373523
120550 -0.16930272
120595 -0.36972088
120614 0.27098438
120761 0.2667011
120828 0.14732826
120841 -0.5435105
120958 0.16071078
120968 0.06990806
121014 -0.83135
121030 -0.5271913
121046 -1.572661
121062 -0.7748486
121200 0.05807342
121237 -0.39104158
121255 -0.26819438
121257 -0.7030698
121279 -0.35957155
121317 -0.5278552
121321 -0.54055405
121336 -0.62006325
121361 -0.7077507
121399 -0.18948533
121476 -0.118984506
121493 0.09651726
121554 -0.44911546
121569 -0.6987676
121570 -0.17218436
121574 -0.5163246
121603 -0.37398058
121626 -0.37473527
121627 0.405994
121637 -0.20350972
121649 -0.6614355
121678 0.3985355
121744 -0.28198403
121749 -0.94263303
121757 -0.43106315
121783 -0.8292501
121803 -0.25661206
121851 -0.6882067
121874 -0.1859104
121969 -0.35130975
121984 -0.9469771
122036 -0.7730297
122063 -0.8221143
122086 -0.759975
122106 -1.3168765
122150 0.030233948
122201 -0.93560874
122214 -0.23071744
122221 -0.047329254
122266 -0.15803759
122286 -0.3311059
122334 -0.23433234
122343 -0.42784986
122390 -0.18763039
122460 -0.69632596
122522 -1.1627239
122530 -0.6067173
122591 0.3671699
122609 0.04557666
122613 -0.23055582
122633 -0.8693596
122668 -1.3068573
122722 -0.44210118
122732 -0.8725085
122808 -0.6284275
122876 -0.6380028
122901 0.55276036
122991 -0.072880834
123055 -0.1322583
123103 -1.2063612
123104 -0.10087246
123220 -0.98273283
123254 -1.1311567
123294 -0.647298
123307 1.1512058
123341 -0.9516471
123370 -0.34609103
123612 -0.4924713
123613 -0.9245404
123765 -0.17376953
123811 0.43846443
123821 0.29784065
123845 -1.3171169
123869 -0.58888096
123879 0.23970838
123936 0.20616
124016 -0.22626731
124073 -0.693077
124098 -0.70010245
124114 -0.75360656
124193 -0.02517677
124197 -0.15152907
124239 -0.022180988
124241 -0.40461516
124243 -0.58885247
124273 -0.6106317
124291 -0.53450775
124323 -0.4739486
124358 -0.20606004
124392 -0.021633867
124490 -0.4115482
124791 -0.377427
124819 0.07620597
124830 -0.8675881
124855 -0.10807491
124875 -0.25871325
124887 -0.99646634
124888 -0.51053065
124892 0.035611168
124920 -0.42093253
124960 -0.7036813
124995 -0.38246253
125047 -0.5926635
125100 -0.49166352
125192 -0.6175014
125261 -0.3205303
125310 -0.62355494
125404 -0.51267946
125405 -0.30670324
125407 -0.18062983
125412 0.020527668
125414 -0.3805652
125429 -0.27764848
125473 -0.6010341
125484 -0.2328846
125582 -0.52765393
125592 -0.48103946
125628 -0.12982482
125646 -0.8271787
125672 -0.3682757
125685 -0.51009524
125770 -0.12079877
125825 -0.38066056
125836 0.12457109
125839 -0.06570891
125888 -0.8014449
125893 -0.36746126
125897 0.11900615
125918 -0.030951463
125936 -0.3445436
125942 -0.16893886
125981 -0.47138238
126064 0.83526856
126077 0.696824
126149 -0.60255414
126191 -0.293253
126216 -0.6993195
126259 -0.45911536
126386 -0.69641846
126423 -0.70711744
126434 -0.4932915
126511 -0.17959099
126528 0.28199023
126634 -0.32898882
126644 -0.75833076
126700 -0.6898729
126704 -0.20725179
126728 0.3958469
126759 -1.0364608
126776 -0.6800444
126780 -0.4344791
126824 -0.6214748
126841 -0.13261907
126920 -0.08881268
126923 -0.8384444
126939 -0.63947004
126962 -0.28537446
126965 -0.09823842
126970 -0.8550095
126975 -0.83057183
127020 -0.020052422
127029 0.08684869
127058 -0.45662227
127145 -0.43130392
127277 -1.0226513
127286 -0.16135249
127326 -0.26811257
127362 -0.16836722
127413 -0.6642535
127488 -0.68456846
127519 0.84870714
127739 -0.19716749
127826 -0.38277978
127841 -0.4961098
127843 -0.9533328
127995 -0.35784882
128000 -0.8889741
128014 -0.6332169
128046 -0.46511525
128100 -0.3403835
128102 -0.45874235
128146 -0.5339175
128335 -0.6059089
128345 -0.57871675
128479 -0.20164941
128590 -0.21799728
128619 0.28477433
128633 0.04699166
128694 -0.07745462
128743 -0.7094375
128810 -0.033473615
128834 -0.6724934
128895 -0.23699741
128941 -0.60537726
128949 -0.5748334
129168 -0.60841143
129284 0.9222125
129390 -0.22009234
129421 0.16897963
129449 0.5918672
129453 -0.6489601
129526 -0.24327157
129617 -0.6969066
129620 -0.7577652
129630 -0.5831178
129636 -0.7317518
129683 -0.7060755
129728 -0.41634426
129783 -0.21164587
129798 0.39150366
129808 -0.94523335
129833 0.11309326
129838 -0.78226566
129844 -0.5630951
129874 -0.76668525
129895 1.0758843
129923 0.37052184
129952 -0.36555853
129954 -0.29105806
130003 0.61409986
130009 -0.15308434
130036 0.11667667
130042 -0.34320474
130072 -0.25500736
130081 -0.47472924
130094 0.49829414
130180 -0.28921393
130256 -1.0924628
130415 -0.1983169
130439 0.08498735
130685 -0.034363374
130720 -0.59908605
130749 -0.48683652
130755 -0.4141342
130766 -0.56098473
130783 0.7236033
130787 -0.3296982
130800 -0.66824317
130837 0.27250046
130852 -0.43193638
130889 0.35960135
130941 0.13395332
131006 -0.18055946
131019 -0.08948097
131094 0.14219545
131130 -0.08091188
131163 -0.55728555
131197 -0.13182274
131292 -0.38389298
131373 0.39696148
131397 -0.79342926
131434 -0.65420943
131435 -0.4400137
131475 1.0839148
131510 -0.4989223
131523 -0.15673234
131527 0.4096288
131582 -0.012654411
131612 -0.061172098
131696 -0.57404375
131756 -0.758439
131917 0.3653363
131923 -0.5063243
131929 0.30448592
132059 -0.75508654
132067 -0.8491857
132168 -0.63992554
132186 -0.64663154
132287 -0.29504398
132330 0.0056005474
132333 -0.06258796
132351 -0.4907082
132355 -0.19170026
132361 -0.3111335
132376 -0.36083108
132418 -0.26954708
132459 -0.43526462
132532 -0.03269845
132593 -0.97082305
132625 -0.5890403
132628 -0.2396654
132631 0.3657855
132647 -0.53564185
132679 -0.67951196
132738 -0.3408946
132824 -0.48525983
132856 -0.6640067
132872 -0.47126296
132887 -1.1474888
132905 -0.7821468
132921 0.6515504
132927 -0.503103
132955 0.49961916
132959 -0.48989075
132968 -0.73555374
133022 -0.22582924
133116 -0.8872803
133218 -0.25045317
133329 -0.5862173
133441 -0.4816153
133488 -0.8657904
133493 -0.896687
133517 -0.30339992
133568 0.15067011
133584 -0.24124204
134151 -0.15419452
134176 -0.1739854
134243 -0.15130928
134250 0.11984931
134271 -0.03486541
134387 -0.55506545
134439 -0.54807955
134553 0.5341729
134704 0.9894257
134771 -0.73057103
134924 -0.80913585
135101 -0.5058967
135113 -0.74796206
135173 -0.5396791
135191 -0.4955528
135201 -0.36619136
135420 0.2583004
135579 -0.6557702
135604 -0.55506086
135656 -0.5568838
135670 -0.40776864
135765 -0.19041045
135914 0.02533553
135929 -0.6915409
135975 -0.54038584
136005 0.14511788
136031 -0.3153132
136130 -0.41323373
136265 -0.43267274
136282 -0.8440733
136296 -0.50976485
136328 -0.280078
136335 -0.8900977
136400 -0.42218474
136496 0.9328426
136527 -0.48112234
136537 -0.5684225
136627 0.09930947
136653 -0.3760013
136744 -0.34295535
136804 -0.5815165
136829 -0.20865114
136842 -0.2658852
136884 -0.6848109
136886 -0.23605157
136898 -0.45556894
136945 -0.67982453
137010 0.86293507
137078 -0.3247214
137112 -0.18198583
137125 -0.41000694
137255 -0.6122746
137349 0.22599061
137396 -0.7048787
137398 0.111502394
137413 -0.27192962
137414 -0.18566494
137576 0.083313115
137609 -0.6145967
137623 -0.70350313
137625 -0.35297456
137656 -0.03238411
137770 -0.34047478
137776 -0.13269237
137819 -0.48213962
138048 -0.4380858
138119 -0.10256506
138234 -0.73540175
138253 -0.34365356
138323 -0.4282391
138370 -0.34529594
138377 0.4656547
138403 0.51937306
138422 -0.44515064
138600 -0.3186437
138644 -0.05396807
138686 -0.66741925
138698 -0.4284619
138780 -0.33150902
138785 -0.32804215
138812 -0.3303443
138817 0.6306002
138830 -0.23788215
138844 -0.35269445
138857 -0.019606411
139090 -0.43740553
139098 -0.82251096
139240 -0.006735636
139268 -0.26579878
139363 -0.58928126
139407 -0.16884571
139567 -0.011048224
139596 0.18137842
139629 -0.41734707
139730 -0.52223164
139785 -0.4046624
139787 -0.2504256
139875 -0.75823396
139888 -0.69224423
139904 -0.18482657
139920 -0.31730336
139930 1.1090307
139969 0.600366
140055 -0.866211
140061 -0.4505448
140163 -0.387487
140173 -0.47504637
140227 0.040807683
140254 0.08194523
140265 -0.28100392
140317 0.10410751
140349 0.07067879
140405 -0.62239724
140467 -0.22575817
140473 -0.6896521
140512 -0.15657598
140515 0.08237245
140520 0.22322327
140552 0.42944682
140576 -0.13807835
140647 -0.45383817
140713 -0.3664541
140722 -0.62019044
140730 -0.31721747
140846 0.68341076
140850 -0.8791523
140956 0.80771863
140957 -0.4790476
141058 -0.06720133
141163 -0.10097457
141203 -0.34831813
141239 -0.2825053
141305 -0.5857761
141339 0.13713382
141347 -0.47818446
141472 -0.36146283
141493 0.012374701
141497 -0.5352245
141530 -0.35566306
141531 -0.82939863
141593 0.5453807
141607 -0.77242815
141628 -0.64498395
141680 -0.36604208
141706 -0.5316117
141759 0.5035232
141790 -0.63343346
141816 -1.1372255
141818 0.00814853
141832 -0.6026914
141885 -0.2437451
141899 -0.7075424
141931 -0.75455284
142184 -0.6672708
142288 -0.45435798
142374 -0.46888188
142496 -0.5426137
142542 -0.5037774
142547 -0.2707201
142586 -0.35908514
142716 -0.22131492
142718 0.45590937
142733 -0.20485555
142832 -0.38654366
142878 -0.12401225
142903 -0.42524207
142911 -0.6960396
142975 -0.4671918
143215 -0.57469475
143280 -0.96567667
143435 -0.15532978
143485 -0.6085927
143518 -0.52587825
143629 -1.3851267
143644 -1.1053156
143648 -0.9338009
143840 -0.37535006
143916 -0.5803087
143992 -0.17537324
144132 -0.20104454
144204 -0.26397496
144205 0.15287036
144218 -1.2491035
144223 1.2197728
144259 -0.38340655
144269 -0.53170633
144465 -0.526013
144501 -0.23655011
144515 -1.17822
144559 -0.15533496
144562 -0.5470805
144600 0.58788913
144603 -0.5220962
144758 -0.16635934
144846 0.01759823
144963 -1.1183313
145000 -0.121105365
145150 -0.62335193
145242 -1.1292762
145273 -0.18818584
145557 -0.16156706
145580 -1.1405834
145655 0.4079372
145743 -0.4633176
145750 -0.83364844
145773 0.36610672
145874 -0.1365155
146002 -0.47795084
146219 -0.09056142
146260 -0.561523
146288 0.10352994
146315 -0.30991375
146316 -0.30642638
146411 0.4007461
146415 -0.36167738
146473 0.09095225
146552 -0.6693387
146594 -0.50152814
146704 -0.24993645
146802 -0.6532376
146822 -0.24482863
146851 -0.4310258
146858 -0.409025
146936 -0.22462998
146971 -0.5981704
147041 -0.5189815
147044 -0.4608433
147049 -0.6482351
147142 0.514561
147162 -0.40541273
147226 -0.064112425
147228 -0.14481047
147288 -0.534476
147300 -0.50841814
147338 -0.31418616
147352 0.44556162
147446 -1.1527519
147503 -0.4766379
147511 -0.8304552
147551 -0.69840145
147577 -1.0233444
147657 -0.8725345
147676 -0.114017196
147760 -0.90802747
147766 -0.23846829
147773 -0.4708052
147920 -0.67883503
147965 0.6580281
147975 -0.64608765
148000 -0.2752351
148004 -0.08168282
148034 0.27192122
148323 -0.70831096
148324 -0.80083734
148393 -0.047183193
148398 -0.3796011
148403 -0.22120158
148473 -1.3259456
148526 -0.197626
148538 -0.42246708
148604 -0.56187636
148829 -0.37639567
148879 -0.3919801
149010 -0.26723382
149155 -0.3680768
149168 -0.37861785
149169 -0.58885515
149276 -0.72849745
149300 -0.74296206
149315 0.09867643
149504 -0.500876
149507 -0.42048246
149880 -0.65600806
149883 -0.516169
149891 -0.79455703
150046 -1.0091615
150109 -0.5210114
150162 -0.5193124
150254 -0.2611186
150259 -0.2936902
150262 -0.76545453
150272 -0.82675207
150275 -0.47206298
150330 -0.5980144
150353 -0.50445306
150408 -0.48653948
150507 0.10368022
150518 -0.24945936
150593 -0.56329155
150766 -0.42661867
150776 -0.6983069
150907 -0.9256433
151043 -0.3448337
151044 0.630583
151061 -0.5710701
151230 -0.714105
151325 -0.6224987
151330 -0.44602397
151374 -0.70936924
151384 -0.29737434
151412 -0.3737478
151480 -0.3868587
151515 -0.8408667
151534 -0.24555357
151585 -0.5808173
151622 -0.018538317
151813 -0.08811996
151896 0.30093616
151950 -0.44479924
151952 -0.069089934
152072 -0.3760992
152115 -0.4564069
152120 -0.59048367
152187 -0.39062378
152221 -0.23638463
152315 -0.6215163
152320 -0.56599903
152372 0.8973272
152376 -0.20392992
152436 -0.3098701
152469 -0.6368425
152516 -0.3681698
152577 -0.6708307
152588 -0.5296825
152603 -0.119982004
152733 0.0630786
152771 -0.4648562
152844 -0.20752905
152874 -0.55472714
152884 -0.043715343
152924 -0.47088903
152960 0.6807433
152995 0.35422987
153016 -0.21587145
153023 -0.7093304
153025 -0.5483848
153087 0.19192448
153135 -0.7353157
153160 -0.2797778
153178 -0.72260517
153245 0.033331033
153246 -0.5086247
153297 -1.1433467
153435 -0.22693892
153456 -0.4143743
153469 0.9596317
153486 -0.32776222
153495 -0.67674696
153519 0.57316303
153541 0.20586458
153543 -0.27149662
153558 -0.2601424
153587 -0.8153936
153595 -0.17929822
153604 -0.12360273
153613 -0.4822684
153624 0.04470863
153630 -0.80702037
153745 -0.5907031
153895 -0.6612385
154009 -0.4059501
154094 0.016007856
154121 -0.47275758
154219 -0.25159317
154243 -0.27519628
154255 -0.432563
154312 0.1714228
154371 -0.670926
154372 -0.10088384
154399 -0.1751486
154496 -0.09025526
154565 -0.3709915
154580 -0.38371125
154582 -0.3313483
154600 -0.7908902
154604 -0.8848202
154639 -0.17225628
154654 -0.3061921
154667 -0.32673955
154684 1.0961586
154700 -0.54387254
154745 0.3729697
154792 -0.34402037
154867 -0.077086434
154969 -0.5472146
155016 0.16313483
155031 -1.0717057
155042 -0.49574545
155062 -0.036931094
155071 0.023466177
155109 0.91039485
155118 -0.5034584
155230 -0.70148647
155233 0.15212198
155241 -0.5955894
155259 0.2778955
155262 -0.6296043
155272 -0.68929344
155353 0.23917715
155354 -0.62147045
155357 -1.0547454
155407 -0.49344257
155450 -0.5938092
155485 0.42437127
155489 -0.21370804
155523 -0.48597395
155537 -0.27481854
155539 -0.19106697
155577 -0.0022222437
155578 -0.83185613
155658 0.75576305
155713 -0.52585137
155721 0.056323197
155779 -0.52618
155804 -0.30126452
155820 -0.88922
155864 -0.23454206
155893 -0.1430463
155907 -0.23542623
155911 -0.2814658
155952 -0.6374271
155976 -0.7259166
156009 0.06635986
156010 -0.35085234
156029 -0.1913888
156032 -0.35557657
156152 -0.6188218
156223 -0.4170561
156253 -0.42765877
156280 -0.34016082
156308 -0.27544484
156333 -0.23761496
156349 -0.41629365
156357 -0.094019435
156395 -0.32660717
156396 -0.54273874
156460 -0.14966153
156486 -0.4701686
156517 -1.2041522
156542 -1.200873
156570 -0.306728
156582 -0.3750747
156608 -1.0483215
156621 -0.66595674
156649 -1.1650933
156651 -1.528795
156717 -0.34662512
156728 0.7023449
156775 0.21443214
156788 0.11953569
156789 0.11331258
156797 -0.3704278
156817 0.09113345
156896 0.01974845
157006 0.118413255
157028 -0.8682593
157120 0.15145192
157153 -0.9092441
157184 0.45864856
157205 0.6688034
157207 -0.047778547
157215 -0.75915825
157244 -0.68710244
157245 -0.5866115
157390 -0.11807681
157393 -0.85421944
157402 -0.0065108603
157466 -0.2344865
157509 -0.22211346
157554 -0.51661754
157569 0.045773134
157573 -0.8202496
157665 -0.7612976
157715 -0.493482
157735 -0.7136851
157787 -0.5468358
157796 -0.43163094
157799 -0.7093247
157864 -0.42064065
157897 -0.8543167
157943 -0.48802167
157981 0.16929322
158058 -0.17957094
158071 -0.1102824
158072 -0.5363124
158193 -0.7319522
158275 -0.87895566
158279 -1.3519253
158285 -0.8321801
158297 0.2386966
158367 0.011087847
158371 -0.64595824
158375 -0.13394465
158413 -0.1349304
158434 -0.17397404
158476 0.021127187
158487 -0.13991094
158491 -0.41175312
158555 -0.25004733
158559 -0.7953657
158587 -0.15174735
158599 -0.17170739
158621 -0.5979752
158662 -0.63417596
158673 -0.18018818
158706 0.30394322
158711 -0.36651176
158756 -0.665278
158760 -0.47639996
158790 -1.1628456
158793 -0.42151335
158831 -0.12603658
158848 -0.7865545
158856 -0.51842153
158885 -0.60881895
158912 -0.24600226
158957 -0.09023652
158959 -0.22989166
158974 -0.72661644
158990 -0.0089518465
159007 -0.5429874
159033 -0.4212608
159056 -0.38949412
159058 -0.10682251
159089 -0.8058769
159094 -0.4836683
159126 -0.94675416
159156 -0.53155994
159180 -1.027959
159243 -0.5768326
159262 -0.31038862
159300 -0.92587423
159314 -0.7734772
159340 -1.0941705
159405 -0.6031483
159409 -0.5242049
159474 -0.60126746
159480 -0.80581135
159578 -1.0039278
159645 -0.49151197
159655 0.15725586
159661 -0.46295106
159669 -0.71315193
159681 -0.29362145
159698 0.22186731
159713 -0.3445831
159724 -0.80644464
159792 -0.20659465
159804 -0.30480713
159808 -0.5075996
159816 -0.14551799
159839 -0.08296145
159848 -0.6209946
159895 0.11287134
159983 -0.44145164
159990 -0.25912315
160001 -0.10672647
160018 -0.67932504
160035 -0.39217573
160055 -0.20318544
160066 0.63539416
160070 -1.064152
160074 0.05400281
160088 -0.9303486
160123 -0.015076183
160128 -0.44195133
160170 -0.7937043
160231 0.060467895
160262 -0.13540107
160306 -0.690388
160333 -0.36853918
160344 -0.5735482
160390 -0.48731637
160397 -0.25407732
160451 -0.19661707
160458 0.039833028
160485 -0.5549131
160488 -0.54023355
160501 0.18978094
160560 -0.28362042
160577 -0.59622955
160623 -0.18826766
160627 0.09776864
160708 -0.008591731
160711 -0.44772378
160748 -0.9393469
160755 0.13349381
160798 -0.6788114
160799 -0.22795814
160862 -0.10999606
160864 -0.69724053
160894 -0.7944378
160909 -0.14646162
160930 -0.19308701
160937 -0.16394584
161013 -0.7842413
161019 -0.69651425
161031 -0.7663821
161085 0.04151353
161128 -0.29356545
161144 -0.094297476
161166 -0.5288723
161176 -0.6439826
161181 -0.15654503
161186 -0.91282105
161189 -0.24346203
161230 -0.48418197
161244 -0.63615024
161263 0.09898603
161312 0.01699746
161344 -0.8361942
161416 -0.5584777
161424 0.1234893
161427 -0.27137542
161464 0.40913403
161470 -0.20729172
161475 -0.60451543
161479 -0.27725527
161495 0.6262305
161563 0.20625103
161580 0.16594782
161596 -0.41339958
161599 -0.5132427
161609 -0.042730894
161623 -0.080492236
161636 -0.33572417
161665 -0.7836927
161666 -0.9831803
161668 -0.6734056
161672 -0.549538
161685 0.17857356
161695 -0.595504
161719 -0.34773463
161724 -0.353273
161745 0.4020676
161793 0.831497
161812 -0.89991844
161846 -0.19080508
161857 0.14972992
161897 -0.098557144
161912 -0.4691166
161939 -1.1505152
161947 0.44168904
161968 -0.2191713
161969 -0.41592062
162006 -0.5262609
162034 -0.27500242
162069 -0.6678139
162121 -0.42975742
162137 -0.35866478
162163 0.33280668
162215 -0.7306228
162226 -0.5522453
162262 0.059143685
162288 -0.5670188
162296 -0.27718204
162313 -0.08876247
162381 -0.47069135
