23916 23209
23916 83385
44318 72846
131006 129386
131006 107768
131006 90215
131006 145921
131006 75287
131006 75840
131006 144801
131006 93908
131006 102935
131006 144653
131006 120289
131006 141497
131006 115823
131006 114941
131006 96843
131006 95711
131006 102234
131006 18831
131006 135456
131006 157981
131006 77106
131006 146473
131006 124225
131006 132459
131006 138057
131006 140887
131006 91254
131006 68783
131006 136842
131006 121649
131006 78485
131006 77580
131006 50344
131006 156381
131006 103058
131006 129356
131006 141777
131006 64320
131006 133779
131006 156817
131006 140255
131006 12679
131006 80519
131006 124875
131006 97584
131006 131188
131006 54203
131006 112851
131006 25598
131006 137360
131006 118243
131006 14615
131006 99440
131006 99464
131006 54470
131006 91010
131006 73409
131006 123765
131006 122732
131006 30888
131006 52096
131006 89643
131006 84908
131006 62752
131006 77125
131006 146239
131006 138403
131006 139392
131006 136717
131006 130036
131006 61322
131006 81779
131006 116123
131006 159586
131006 148660
131006 65454
131006 160001
131006 75689
131006 159218
131006 76210
131006 20822
131006 153694
131006 121852
131006 85255
131006 48706
131006 117636
131006 132025
131006 1841
131006 145681
131006 1633
131006 139920
131006 156460
131006 96313
131006 146387
131006 154518
131006 119483
131006 151291
131006 76982
131006 48072
131006 100405
131006 95333
131006 146054
131006 155253
131006 63902
131006 118038
131006 60775
131006 101126
131006 48103
131006 99592
131006 155381
131006 5821
131006 136172
131006 101040
131006 77608
131006 51931
131006 146758
131006 48468
131006 47716
131006 122390
131006 154914
131006 10034
131006 144259
131006 100426
131006 140957
131006 105440
131006 54020
131006 5008
131006 98075
131006 75832
131006 115162
131006 126626
131006 77873
131006 154008
131006 119910
131006 71740
131006 49529
131006 135420
131006 140127
131006 102611
131006 150789
131006 62927
131006 30032
131006 160054
131006 99178
131006 130256
131006 23378
131006 37791
131006 48010
131006 81596
131006 151779
131006 38329
131006 122967
131006 106673
131006 34334
131006 58093
131006 138675
131006 14583
131006 106983
131006 36374
131006 154243
131006 75602
131006 33033
131006 86984
131006 63035
131006 33778
131006 52384
131006 28921
131006 77705
131006 118316
131006 136603
131006 33105
131006 84246
131006 44424
131006 103623
131006 126006
131006 4933
131006 159498
131006 117209
131006 140846
131006 52533
131006 1102
131006 60167
131006 7384
131006 37237
131006 37886
131006 68397
131006 34679
131006 13570
131006 47113
131006 66940
131006 21913
131006 61574
131006 97324
131006 48295
131006 156061
131006 26779
131006 67170
131006 52292
131006 13676
131006 94582
131006 90150
131006 63547
131006 24354
131006 58926
131006 47293
131006 43607
131006 67300
131006 69228
131006 40308
131006 114961
131006 88410
131006 66713
131006 95392
131006 45603
131006 29906
131006 28262
131006 58003
131006 145952
131006 132872
131006 72336
131006 91496
131006 9814
131006 17475
131006 10643
131006 102678
131006 27517
131006 95611
131006 96285
131006 78804
131006 56680
131006 80360
131006 82886
131006 19409
131006 31800
131006 63193
131006 48236
131006 116959
131006 21596
131006 75209
131006 17359
131006 147657
131006 38598
131006 15626
131006 88137
131006 119534
131006 159481
131006 23606
131006 86869
131006 11526
131006 22833
131006 58746
32828 87709
82738 62823
82738 23209
82338 151291
113701 6301
114960 6301
114960 143559
160095 62823
72034 81374
131565 28262
49644 23209
49644 72846
98667 62823
79810 71733
120331 83385
49965 72846
6706 6301
75287 62823
75287 23209
91551 23209
137656 62823
89502 81374
157839 27430
115188 72846
11006 143559
21025 23209
122729 23209
76593 79463
153474 72846
48154 72846
71784 81374
110517 81374
39099 72846
13181 122214
47673 6301
140640 23209
151044 136771
116157 81374
23195 6301
152548 23209
146991 72846
15014 155580
15014 57115
15014 53423
15014 95251
15014 64353
15014 136031
111724 62823
108914 106699
108914 143559
118206 62823
118206 23209
134893 23209
4232 136564
2283 155580
65740 62823
129666 8758
34051 106699
84159 3334
75840 71745
73025 62823
73025 56029
15416 6301
91175 135360
147079 106699
153079 6881
129314 62823
129314 23209
129314 61268
82249 79463
82249 27430
82249 8758
37319 6301
15458 156421
15458 81374
47751 91010
147604 81374
151652 155580
120755 72846
96323 79463
105639 76303
147352 61268
114481 72846
12466 27430
19195 155580
102935 72846
69364 33105
75067 23209
144653 79463
154658 79463
107903 72846
21991 81374
142496 6881
138334 106699
120289 62823
120289 61268
120289 27430
120289 8758
75272 23209
141497 27430
116506 72846
118974 62823
118974 79463
129486 80147
159802 81374
94133 155580
76949 72846
83326 72846
114594 62823
41134 23209
53205 6301
37261 155580
118966 23209
56890 23209
152960 62823
152960 80401
152960 23209
152960 25103
152960 72846
128916 8758
31335 155580
118412 44657
121279 72846
79678 151291
79678 46743
79678 91977
79678 79463
156010 62823
115341 72846
117023 154506
117023 53867
91272 6301
100534 8758
32713 23209
158795 81374
30902 155580
155189 81374
147511 103907
147511 27430
106111 72846
121787 23209
142954 72846
7728 79463
35340 62823
20138 143559
42345 8758
96843 23209
77773 11761
77773 8758
37341 62823
115193 72846
20748 23209
71099 72846
12078 6301
12078 135360
139969 6881
139969 56029
139969 8758
23455 106699
151515 83385
151515 61268
41186 71745
159163 62823
159163 68397
154506 45632
154506 99592
154506 28262
95393 25103
138253 8758
51287 81374
56848 106699
9955 25103
140258 34860
5017 6301
160469 23209
123432 5261
50014 23209
83874 66715
141235 62823
74788 23209
155580 108107
155580 6301
155580 149126
155580 128685
155580 155371
155580 37345
155580 39446
155580 33495
155580 55596
155580 3605
155580 68000
155580 90900
155580 100904
155580 71918
155580 73146
155580 73812
155580 57115
155580 96611
155580 160831
155580 39414
155580 74797
155580 153175
155580 34191
155580 135360
155580 82942
155580 55487
155580 155906
155580 116583
155580 51177
155580 111860
155580 104584
155580 97774
155580 103082
155580 78768
155580 132012
155580 141347
155580 38372
155580 69848
155580 88745
155580 51199
155580 15997
155580 5916
155580 13286
155580 157226
155580 89422
155580 44625
155580 139427
155580 13655
155580 118180
155580 110077
155580 103284
155580 83791
155580 68647
155580 113716
155580 158277
155580 4857
155580 136869
155580 15368
155580 48809
155580 64353
155580 109142
155580 155713
155580 7889
155580 143559
155580 47940
155580 94687
155580 7675
155580 4274
155580 102462
155580 53604
155580 4993
155580 105236
155580 14479
155580 107259
155580 9014
155580 62470
155580 100594
155580 37210
155580 69797
155580 13531
155580 126751
155580 60868
155580 15889
155580 96763
155580 13060
155580 7054
155580 5164
155580 58734
155580 44704
155580 97895
155580 28466
155580 46838
155580 99166
155580 57895
155580 236
155580 34383
155580 124793
155580 95546
155580 105361
155580 34821
155580 70889
155580 70022
155580 65445
155580 38217
155580 65720
155580 71585
155580 13772
155580 68159
155580 63610
155580 22298
155580 160741
155580 103881
155580 102439
155580 51143
155580 120589
155580 34023
155580 57702
155580 128146
155580 70732
155580 20457
155580 68974
155580 136771
155580 66830
155580 136031
155580 2372
155580 78695
155580 6866
89467 44625
82812 91010
3465 143559
147233 39731
5472 143559
118146 23209
135456 62823
59268 101903
159507 72846
158662 81374
46334 8758
155626 152702
100299 91010
100299 62823
100299 72846
39844 151291
6301 89092
6301 38289
6301 3708
6301 59997
6301 50321
6301 30927
6301 141280
6301 13804
6301 113699
6301 84239
6301 74442
6301 70255
6301 68000
6301 23389
6301 86423
6301 30225
6301 55903
6301 101457
6301 132418
6301 9430
6301 87335
6301 58159
6301 92209
6301 104264
6301 73812
6301 25377
6301 151175
6301 17881
6301 125095
6301 103800
6301 130188
6301 77374
6301 57115
6301 64796
6301 30150
6301 149961
6301 56717
6301 94397
6301 14470
6301 136584
6301 106699
6301 131999
6301 58930
6301 157390
6301 121627
6301 45183
6301 51707
6301 47090
6301 39184
6301 96021
6301 55771
6301 99714
6301 5042
6301 160520
6301 19589
6301 952
6301 39325
6301 38764
6301 73067
6301 15856
6301 84927
6301 58747
6301 68494
6301 21809
6301 160313
6301 8827
6301 85260
6301 51177
6301 127677
6301 102599
6301 4100
6301 73908
6301 21280
6301 14697
6301 52145
6301 132012
6301 117854
6301 141347
6301 9405
6301 38372
6301 159491
6301 29531
6301 67074
6301 78513
6301 46261
6301 93782
6301 18743
6301 108929
6301 50197
6301 25910
6301 34614
6301 78383
6301 150776
6301 81374
6301 127843
6301 117937
6301 125847
6301 102679
6301 47326
6301 75858
6301 74038
6301 3925
6301 53360
6301 61849
6301 9852
6301 7374
6301 127739
6301 17991
6301 14972
6301 121678
6301 76529
6301 49283
6301 42159
6301 31231
6301 27053
6301 44075
6301 24392
6301 156486
6301 20816
6301 118578
6301 7528
6301 65543
6301 130195
6301 65075
6301 71285
6301 77596
6301 131397
6301 49590
6301 126612
6301 25035
6301 87139
6301 66841
6301 136869
6301 118458
6301 111995
6301 141132
6301 60597
6301 18064
6301 127369
6301 69937
6301 73716
6301 102291
6301 13137
6301 33885
6301 116921
6301 22851
6301 104835
6301 33985
6301 147342
6301 86822
6301 6073
6301 68191
6301 51524
6301 30039
6301 113512
6301 29381
6301 7008
6301 81983
6301 115326
6301 29919
6301 67230
6301 49174
6301 70439
6301 30253
6301 42272
6301 2194
6301 935
6301 25417
6301 76711
6301 101045
6301 9014
6301 41007
6301 52952
6301 137108
6301 5047
6301 115771
6301 125734
6301 110241
6301 23727
6301 19691
6301 156792
6301 43290
6301 92531
6301 94499
6301 8598
6301 41545
6301 33199
6301 10654
6301 62017
6301 9960
6301 114209
6301 19307
6301 87184
6301 24323
6301 5363
6301 51135
6301 23657
6301 22372
6301 63222
6301 74043
6301 150259
6301 9192
6301 113632
6301 55911
6301 116592
6301 39394
6301 124291
6301 29566
6301 106487
6301 5130
6301 73033
6301 107115
6301 40268
6301 21781
6301 5543
6301 31523
6301 160755
6301 62178
6301 69998
6301 56656
6301 19593
6301 106960
6301 113851
6301 28466
6301 15300
6301 76482
6301 62149
6301 22735
6301 28494
6301 132093
6301 18799
6301 141163
6301 29510
6301 85571
6301 83438
6301 24029
6301 113485
6301 56783
6301 17434
6301 131560
6301 43398
6301 3800
6301 61552
6301 1685
6301 74776
6301 54654
6301 46836
6301 50718
6301 34277
6301 64483
6301 80910
6301 45531
6301 117570
6301 52734
6301 65445
6301 69335
6301 3686
6301 97346
6301 75991
6301 4707
6301 33818
6301 47871
6301 19512
6301 4752
6301 10389
6301 110415
6301 53530
6301 17952
6301 86970
6301 11443
6301 1074
6301 77901
6301 63610
6301 125310
6301 116970
6301 105560
6301 5033
6301 1422
6301 24691
6301 6649
6301 131483
6301 66922
6301 109554
6301 21724
6301 10950
6301 16515
6301 3446
6301 48510
6301 67451
6301 24003
6301 20870
6301 515
6301 89951
6301 104492
6301 32945
6301 40385
6301 155353
6301 9183
6301 98709
6301 26300
6301 103766
6301 16940
6301 118490
6301 76368
6301 29307
6301 128146
6301 106195
6301 64337
6301 2433
6301 143283
6301 20457
6301 67907
6301 29486
6301 74153
6301 92546
6301 82595
6301 59930
6301 18672
6301 144347
6301 64487
6301 125429
6301 108648
6301 19554
6301 131813
6301 140512
6301 78695
6301 673
6301 43732
6301 106709
6301 49159
6301 42518
6301 41479
6301 9023
319 83385
157981 62823
132905 11761
132905 115544
132905 56029
132905 73935
155329 72846
159569 23209
149300 106699
154034 23209
141480 62823
132355 51128
135663 81374
17664 136031
96499 65963
77106 62823
77106 151291
77106 60031
77106 33033
77106 79463
77106 23209
77106 72846
71745 107571
71745 94045
71745 101054
71745 114609
71745 76210
71745 125047
71745 111968
71745 157664
71745 151291
71745 109905
71745 110876
71745 97660
71745 118332
71745 63035
71745 23209
71745 34615
71745 155804
71745 149402
71745 68902
71745 117612
71745 72846
71745 3544
146473 62823
146473 79463
146473 23209
59086 151291
136564 151291
136564 79463
136564 23209
136564 72846
85420 81374
153182 62823
31928 91010
31928 8758
137004 4091
137004 21933
157906 91010
100107 95546
148556 51128
125889 136771
116458 79463
134216 143559
93515 23209
124225 23209
45632 23209
45632 28262
107466 60249
73086 6881
35729 81374
116233 51128
106291 83385
35579 91010
85191 48578
6881 41353
6881 105329
6881 94045
6881 159480
6881 88383
6881 108183
6881 43175
6881 12044
6881 160894
6881 60455
6881 54921
6881 106895
6881 69503
6881 138118
6881 119653
6881 106847
6881 117289
6881 153745
6881 11256
6881 77705
6881 61022
6881 159957
6881 121361
6881 100309
6881 9689
6881 71055
6881 13570
6881 36952
6881 26779
6881 7200
6881 24778
6881 18057
6881 93204
6881 106152
6881 132872
6881 52328
6881 16738
6881 31322
20942 23209
15809 23209
13297 23209
13297 72846
58188 72846
26366 23209
82980 81374
121652 33105
121652 68397
121652 44657
121652 72846
40623 72846
132459 23209
7619 81374
127786 23209
95704 23209
37345 6961
37345 136771
107571 72846
131558 81374
153647 23209
118476 80401
118476 72846
44240 143559
51355 81374
145349 148538
145349 79463
145349 87709
7471 8758
150683 79463
7597 79463
158381 62823
158381 23209
158421 62823
83640 135360
115263 3753
115263 23209
99381 72846
154456 87709
90608 62823
90608 23209
115905 23209
115905 72846
127285 23209
136102 62823
136102 79463
136102 23209
136102 61268
91254 151291
91254 79463
91254 67129
136842 62823
136842 23209
121649 91010
121649 160081
121649 112117
121649 75602
121649 8758
60300 62823
43564 25103
40847 23209
98210 23209
5379 62823
5379 98473
5379 25103
5379 72846
148297 96389
54309 143559
148532 72846
149315 151291
152942 135914
118857 2263
88154 62823
143401 135360
143401 143559
43749 62823
158404 62823
14390 23209
70471 23736
52219 72846
123370 65982
33817 62823
33817 23209
33817 72846
146628 148538
119870 8758
138812 62823
138812 23209
138812 72846
91739 62823
155671 129270
83294 147512
83294 72846
114980 62823
114980 80401
114980 23209
114980 25103
80147 91010
80147 79463
80147 107645
80147 67022
80147 73414
156203 75602
94723 79463
114823 62823
114823 72846
9859 151291
9859 91977
46828 62823
19537 62823
84954 106699
55174 62823
31192 62823
31192 23209
31192 72846
125988 81374
87969 62823
55124 23209
132930 81374
160487 62823
102070 62823
148538 158171
148538 84570
148538 157670
148538 100958
148538 130036
148538 62823
148538 119483
148538 130290
148538 117557
148538 83012
148538 137542
148538 158248
148538 135420
148538 138118
148538 78915
148538 138643
148538 45684
148538 79463
148538 22184
148538 57832
148538 74662
148538 142396
148538 101598
148538 132513
148538 25103
148538 70319
148538 52711
148538 116264
148538 34559
148538 153747
148538 159724
157244 72846
94921 62823
123324 81374
128619 72846
156381 11761
156381 91010
156381 160081
156381 62823
156381 151291
156381 33056
156381 117680
156381 79463
156381 23209
156381 83385
156381 157868
156381 67129
156381 27430
156381 72846
156381 8758
156480 23209
146002 79463
118690 52806
11761 159035
11761 115314
11761 12679
11761 104896
11761 116739
11761 68650
11761 130036
11761 83967
11761 9075
11761 97742
11761 143379
11761 157664
11761 98701
11761 117151
11761 109905
11761 99108
11761 52738
11761 105027
11761 14271
11761 64095
11761 78296
11761 117289
11761 61543
11761 50096
11761 127392
11761 107662
11761 107894
11761 52646
11761 53430
11761 34853
11761 88662
11761 83419
11761 46940
11761 128000
11761 134960
11761 158834
11761 151929
11761 75762
11761 138354
11761 108451
115544 55467
115544 23209
115544 40090
115544 154213
115544 72846
115544 600
124535 83385
125295 151291
100417 62823
131849 62823
131849 23209
90603 61268
132327 62823
94341 23209
94341 72846
156733 109529
156733 109541
153469 72846
88260 23209
136265 23209
1608 25775
1608 74038
1608 15401
1608 33694
1608 34366
1213 23209
52806 96001
52806 61363
52806 158880
116037 62823
75282 33105
54187 81374
18091 143559
138233 106699
99846 62823
99846 23209
99846 72846
147238 81374
113267 23209
39235 62823
139165 62823
139165 23209
29355 62823
29355 138370
29355 23209
29355 71622
29355 7048
29355 25103
46285 81374
46285 66715
159532 23209
103663 62823
103663 25103
103663 72846
67275 62823
124050 62823
124050 72846
93633 75602
118718 23209
154157 136771
136744 124245
107183 33105
128949 135360
133964 23209
53397 33033
60056 79463
60056 23209
60056 72846
160436 23209
25027 81374
87202 62823
87202 33033
87202 23209
56143 81374
151551 33997
94045 62823
94045 129270
94045 39731
94045 8758
69818 81374
103058 62823
115643 23209
150271 23209
148751 23209
58308 27430
58363 79463
31429 72846
117140 41376
157907 3334
147434 106699
127150 151291
32921 68397
147126 23209
87617 80401
87617 72846
135520 62823
135520 3179
135520 79463
19112 62823
96023 72846
50733 106699
101457 81374
84383 79463
149155 25103
102348 72846
7841 81374
52414 23209
117325 127184
117325 62823
117325 41738
117325 33105
117325 97585
117325 83706
92279 143559
13489 23209
18251 23209
18251 25103
109014 81374
71753 62823
138524 2263
138524 27430
138524 8758
146588 23209
3753 147512
3753 140127
3753 44837
3753 72846
97652 67129
106749 72846
83827 142008
158447 27430
119330 37034
102702 23209
79170 72846
28435 83385
18439 81374
25607 23209
138791 82705
39100 143559
91840 8758
152127 143559
39572 106699
92542 72846
94812 23209
160620 81374
156817 62823
156817 23209
156817 72846
40844 23209
118501 23209
19470 62823
19470 23209
19470 25103
19470 72846
8015 81374
87874 62823
87874 79463
87874 68397
87874 67129
62107 24791
42173 72846
114368 151291
114368 75602
160390 23209
73812 124245
58732 87080
153083 72846
108183 25103
141931 83385
86141 23209
137494 62823
17984 81374
158476 151291
122425 79463
12679 62823
12679 23209
12679 72846
728 95840
22937 106699
158673 79463
42797 8758
1787 64312
117966 81374
116756 73935
75251 106699
136400 81374
136400 35964
92964 62823
105997 81374
153663 151291
94887 81374
123992 91010
123992 61268
115815 62823
115815 23209
133336 151291
39167 61268
134368 136771
115186 23209
61820 62823
61820 87709
61820 72846
54203 62823
54203 23209
54203 61268
54203 72846
96646 96052
96646 60249
96646 27430
135983 81374
74378 23209
62395 81374
159915 23209
129520 81374
153342 143559
18685 23209
151742 72846
48498 81374
135579 136771
136261 72846
118272 23209
135007 62823
57115 106699
57115 135360
99671 81374
145706 23209
145706 72846
128476 41376
147512 106423
147512 146936
147512 157401
147512 62823
147512 3227
147512 72258
147512 138370
147512 30789
147512 82464
103428 23209
96059 58808
100974 109529
100974 109541
138166 81374
62966 79463
62966 61268
108905 4444
121477 23209
81836 23209
95809 27430
52283 81374
25598 82275
25598 62823
25598 142008
159878 81374
55415 81374
55415 2263
137360 72846
3566 136771
107266 72846
93191 72846
158711 56029
158711 151291
158711 80401
62873 81374
61514 79463
61514 23209
149961 81374
45712 33105
122064 23209
6561 62823
6561 25103
10659 106699
145401 62823
124193 62823
124193 23209
159422 72846
156378 125223
88703 2263
144559 75361
73162 135360
43497 81374
88941 106699
14615 33033
14615 79463
99440 33105
99440 67147
47837 135360
9877 72846
30262 23209
114461 33033
99464 69693
116739 77513
135191 34860
103122 81374
160170 62823
160170 23209
160698 62823
152649 91010
152649 133441
152649 8758
10566 8758
68650 91010
68650 62823
68650 151291
153905 23209
13950 23209
153789 27430
65982 98235
65982 125047
65982 35981
65982 59210
68361 62823
107991 23209
152977 72846
12857 62823
87654 91010
131168 81374
106699 96021
106699 119197
106699 159727
106699 57213
106699 19648
106699 118071
106699 23329
106699 29747
106699 151408
106699 157027
106699 46928
106699 37777
106699 12054
106699 113279
106699 3233
106699 22490
106699 153796
106699 23135
106699 121678
106699 121638
106699 6601
106699 159848
106699 26776
106699 62574
106699 108693
106699 58989
106699 12462
106699 40283
106699 136024
106699 141132
106699 156357
106699 118599
106699 39548
106699 95840
106699 9208
106699 75078
106699 77027
106699 92961
106699 56285
106699 40149
106699 130555
106699 33921
106699 14661
106699 48583
106699 106487
106699 13669
106699 88659
106699 77469
106699 41156
106699 66861
106699 38071
106699 69956
106699 35047
106699 67116
106699 17684
106699 26300
106699 29125
106699 95049
106699 89287
106699 3703
106699 9069
106699 66715
106699 77085
53556 81374
127184 75602
5513 62823
140760 62823
140760 72846
108757 23209
82275 32520
82275 34666
82275 135937
82275 54352
82275 159713
82275 83858
82275 117676
151602 79463
151602 68397
131999 81374
45047 81374
64002 72846
74276 39731
92059 72846
91010 158222
91010 87284
91010 126348
91010 3179
91010 157664
91010 1633
91010 121626
91010 40147
91010 113928
91010 37918
91010 126565
91010 122273
91010 135420
91010 73935
91010 64095
91010 98336
91010 117680
91010 24629
91010 79463
91010 45569
91010 87532
91010 23786
91010 52646
91010 83419
91010 114166
91010 120347
91010 5247
91010 120761
91010 27430
91010 80360
91010 17359
91010 34297
91010 54244
91010 45473
91010 86869
12306 23209
12306 61268
12306 66252
152531 62823
153175 81374
48052 57582
156175 151291
156175 23209
156175 61268
156175 72846
151483 61268
123765 72846
91521 62823
96389 154091
96389 100995
96389 113474
96389 55467
96389 82705
96389 16008
17305 23209
3543 81374
59853 90843
122732 23209
122732 72846
44109 23209
55705 56029
1617 151291
1617 26779
102129 23209
7130 62823
7130 23209
7130 67129
124937 87709
76638 23209
38680 81374
31530 23209
31530 72846
120120 23209
158222 27430
23955 81374
132280 23209
132280 72846
14278 102599
14278 44625
129421 79463
81206 62823
113933 83385
141258 129270
141258 23209
141258 44657
130372 23209
130372 25103
31486 2263
74424 23209
9979 135360
9979 23736
48005 23209
128791 62823
128791 67129
90913 23209
90913 83385
30888 23209
151061 25103
114381 81374
1539 72846
98821 25103
135302 67147
51707 81374
89643 62823
89643 23209
17987 81374
151635 9959
158551 27430
84908 129270
84908 79463
34191 135360
78694 5261
15097 143559
115926 62823
115926 23209
57649 143559
63057 23209
145584 62823
62752 61268
58077 23209
5435 62823
5435 87709
153929 62823
153929 81596
107814 80401
78574 27430
159921 2263
119563 129270
99522 25103
113803 81374
153884 160724
157971 157664
157971 151291
77125 75602
77125 33033
77125 117680
77125 79463
77125 33105
77125 23209
66644 62823
155031 151291
155031 80401
155031 142008
155031 23209
155031 8758
146239 62823
152901 151291
70338 117680
70338 67129
141595 72846
116383 23209
116383 72846
33749 67147
126907 81374
109748 81374
39012 62823
39012 23209
129463 41376
155578 72846
57105 62823
92339 62823
92339 23209
98926 62823
19589 81374
35925 3179
43063 51128
115004 62823
138403 68397
140404 23209
70940 9469
116231 14385
87284 62823
87284 33105
70149 81374
117260 23209
38437 135360
38437 81374
38437 44625
154038 72846
20465 72846
106411 143559
46979 81374
45449 44657
83394 72846
139930 83385
158599 62823
158599 83385
28621 23209
135360 55678
135360 17791
135360 68494
135360 117434
135360 95555
135360 78768
135360 133776
135360 150518
135360 148792
135360 44625
135360 110870
135360 13655
135360 83791
135360 77596
135360 143559
135360 72064
135360 5358
135360 100594
135360 138780
135360 64733
135360 101501
135360 29040
135360 130225
135360 28150
135360 24939
135360 102439
135360 114153
135360 66830
135360 79365
12847 143559
113702 62823
136660 129270
136660 138370
117234 81374
53597 23209
2398 72846
146936 8758
97209 8758
155906 81374
84997 151291
123511 136282
123511 157205
123104 81374
115436 62823
139228 23209
130036 62823
130036 23209
46971 62823
46971 83385
57213 81374
92725 72846
114676 23209
98836 72846
157232 62823
109529 109541
109529 62823
109529 72846
85663 81374
61322 23209
153760 23209
81779 62823
81779 23209
109541 62823
109256 62823
14004 81374
90537 79463
138111 23209
55035 23209
98793 111097
101915 23209
113316 81374
86867 62823
86867 79463
86867 23209
86867 61268
109508 23209
111483 79463
146566 151291
99936 129270
99936 61268
131923 72846
126179 136771
32520 62823
32520 27430
77639 81374
117190 136031
159717 62823
132864 72846
117875 62823
117875 23209
31920 72846
14691 23209
18157 23209
40998 23209
48630 129270
48630 79463
48630 23209
48630 61268
48630 25103
48630 72846
160001 62823
16669 62823
75689 62823
75689 23209
35165 62823
35165 41738
14501 66715
152986 23209
145203 23209
17726 66715
140180 72846
123160 72846
102470 113104
160395 56029
160395 23209
115489 81374
160446 23209
85260 81374
148059 23209
148059 72846
119688 56029
119688 151291
119688 25103
119688 127945
119688 72846
103618 81374
70803 62823
70803 61268
62823 155109
62823 122119
62823 89927
62823 142975
62823 146415
62823 47808
62823 122987
62823 129206
62823 72184
62823 1841
62823 22089
62823 154883
62823 100790
62823 98645
62823 121062
62823 95256
62823 154179
62823 145578
62823 85288
62823 49162
62823 61473
62823 17411
62823 137392
62823 52446
62823 75361
62823 160725
62823 71774
62823 96052
62823 160093
62823 112498
62823 64910
62823 117151
62823 159927
62823 161140
62823 118722
62823 112382
62823 128829
62823 136699
62823 37296
62823 142898
62823 60775
62823 121516
62823 80623
62823 138034
62823 114733
62823 135980
62823 100995
62823 80573
62823 3845
62823 158227
62823 115468
62823 144259
62823 107643
62823 127950
62823 96866
62823 61289
62823 158300
62823 153926
62823 132289
62823 119024
62823 75832
62823 58074
62823 126259
62823 139025
62823 158492
62823 100506
62823 82461
62823 97539
62823 113679
62823 119910
62823 44729
62823 132109
62823 82848
62823 57049
62823 116113
62823 43633
62823 59210
62823 68924
62823 16320
62823 61652
62823 102611
62823 128102
62823 157913
62823 30032
62823 73935
62823 151597
62823 23918
62823 53977
62823 44818
62823 64707
62823 149928
62823 95799
62823 115264
62823 148262
62823 118766
62823 130256
62823 155118
62823 135173
62823 117832
62823 23378
62823 43981
62823 91874
62823 64095
62823 154665
62823 116602
62823 93379
62823 70954
62823 135589
62823 56826
62823 98931
62823 131962
62823 22448
62823 59995
62823 111176
62823 62297
62823 33281
62823 40228
62823 91977
62823 84503
62823 34334
62823 20426
62823 25703
62823 86898
62823 77343
62823 3188
62823 122286
62823 143222
62823 120627
62823 52212
62823 86031
62823 14583
62823 151622
62823 153698
62823 124709
62823 153804
62823 86465
62823 11237
62823 43618
62823 24629
62823 36109
62823 37300
62823 109162
62823 76313
62823 77705
62823 26995
62823 97836
62823 86265
62823 158197
62823 35800
62823 28735
62823 26563
62823 44424
62823 152532
62823 23209
62823 62314
62823 64674
62823 43686
62823 75273
62823 57004
62823 132227
62823 47037
62823 135914
62823 135975
62823 6123
62823 46273
62823 161058
62823 57254
62823 54051
62823 107662
62823 90114
62823 100309
62823 158787
62823 111027
62823 107894
62823 76916
62823 119027
62823 137836
62823 13872
62823 79245
62823 11515
62823 94512
62823 126184
62823 35711
62823 53761
62823 27713
62823 101955
62823 129923
62823 28324
62823 5308
62823 36210
62823 15128
62823 158880
62823 4773
62823 8685
62823 54813
62823 50283
62823 68904
62823 34183
62823 8765
62823 13570
62823 71481
62823 15278
62823 53136
62823 137045
62823 158051
62823 58808
62823 36923
62823 7883
62823 2953
62823 105518
62823 87698
62823 7071
62823 13240
62823 159005
62823 115150
62823 5740
62823 10594
62823 92428
62823 84310
62823 43762
62823 56044
62823 27400
62823 4768
62823 69345
62823 65420
62823 72985
62823 150061
62823 46940
62823 37504
62823 30352
62823 154879
62823 58096
62823 66245
62823 87709
62823 92051
62823 41376
62823 154121
62823 89901
62823 31473
62823 9962
62823 109912
62823 12018
62823 113700
62823 47176
62823 59032
62823 85371
62823 67300
62823 13811
62823 76935
62823 66252
62823 69246
62823 49749
62823 47211
62823 79576
62823 53685
62823 23633
62823 149593
62823 66713
62823 67873
62823 48746
62823 117612
62823 39064
62823 29906
62823 24097
62823 93204
62823 72777
62823 32727
62823 58003
62823 118386
62823 106152
62823 113636
62823 76609
62823 63512
62823 145952
62823 66403
62823 132872
62823 75525
62823 139328
62823 22580
62823 25103
62823 83706
62823 2335
62823 32981
62823 44338
62823 51365
62823 50984
62823 27430
62823 88950
62823 24494
62823 96285
62823 29009
62823 80629
62823 121215
62823 79903
62823 36180
62823 86201
62823 33084
62823 110852
62823 119947
62823 160951
62823 84057
62823 159577
62823 10125
62823 21759
62823 39324
62823 72846
62823 116959
62823 117549
62823 55579
62823 75209
62823 30461
62823 17359
62823 75762
62823 125725
62823 147657
62823 106177
62823 46208
62823 13732
62823 25901
62823 79547
62823 120748
62823 85495
62823 67128
62823 158253
62823 49780
62823 7995
62823 54710
62823 11526
62823 156570
62823 31492
62823 40380
62823 74408
62823 141088
62823 156444
142715 67147
155698 72846
89927 23209
89927 72846
23938 151291
115748 23209
158367 80401
111860 124245
152422 23209
148074 81374
123868 33105
153135 81374
142975 23209
42338 80401
68684 8758
58278 75602
97774 90843
77303 83385
77303 72846
99612 72846
95143 81374
102599 81374
102599 143559
61911 23209
12619 81374
32594 23209
32594 72846
56083 117680
76210 39731
17033 8758
147134 28262
66993 33033
142494 155368
74982 67129
534 66715
142212 103215
77202 129270
77202 23209
43329 81374
157927 138191
18311 66715
8175 23209
47808 23209
128790 67129
62359 34860
9694 23209
81777 23209
34860 81374
34860 53985
34860 86447
34860 102291
34860 143559
34860 35710
34860 78006
34860 158781
34860 143196
34860 44260
34860 96147
34860 47133
34860 34087
34860 76759
34860 148594
34860 102585
34860 82978
34860 115602
34860 145214
34860 149629
34860 46007
25778 23209
71507 155775
71507 37046
71507 79463
71507 81276
71507 7219
71507 131283
54053 79463
54053 23209
55151 81374
30416 25103
97622 72846
3179 8758
120256 129270
129206 79463
72184 23209
156627 143559
152947 23209
148742 87709
148742 8758
158664 72846
117636 7080
117636 23209
54115 23209
54115 72846
115153 151291
48710 81374
2300 142008
18932 23209
22089 59465
158946 157868
143379 72846
5261 100426
5261 85358
60408 151291
56029 27653
56029 142692
56029 141759
56029 80401
56029 103907
56029 87719
56029 38751
56029 35140
56029 115707
56029 113474
56029 58724
56029 43397
56029 102054
56029 119653
56029 79463
56029 100309
56029 111027
56029 73577
56029 158587
56029 14055
56029 24885
56029 689
117854 81374
130797 23209
144407 136771
45682 23209
85176 72846
96579 136771
1927 23209
157664 52646
87771 72846
107108 72846
100790 151291
100790 79463
100790 60249
100790 8758
53967 75602
78848 151291
1633 75602
1633 33033
1633 33105
30671 23209
24052 81374
109976 8758
62658 72846
127948 5975
141191 143559
56931 79463
160840 23209
121062 23209
121062 25103
60265 23209
95256 67147
69934 81374
85982 81374
105016 81374
131834 81374
116237 81374
4897 25103
6488 143559
64603 23209
73049 81374
61473 83385
61473 72846
114804 151291
155775 23209
155775 83385
155668 72846
17411 79463
17411 23209
17411 72846
58016 23209
40147 8758
32572 81374
102531 81374
148857 143559
127413 81374
107737 75602
107737 33033
113928 8758
124974 33105
101226 72846
161144 83385
146059 75602
115389 3334
63749 101061
116599 23209
147049 72846
115271 72846
146387 8758
154518 23209
103215 23209
103215 68093
158215 33105
158215 68397
158215 44657
55213 81374
93398 23209
130766 79463
130766 23209
130766 72846
52446 23209
52446 25103
52446 72846
75361 25103
75361 72846
112386 23209
160725 23209
160725 25103
108461 23209
154582 23209
111250 61268
111250 72846
95251 87080
151291 60775
151291 158265
151291 80401
151291 101040
151291 122390
151291 82461
151291 35460
151291 130256
151291 1078
151291 119653
151291 20724
151291 91977
151291 86984
151291 14074
151291 28921
151291 79463
151291 33105
151291 100309
151291 119335
151291 69282
151291 12388
151291 8094
151291 74785
151291 86367
151291 43818
151291 67323
151291 45626
151291 11592
151291 8526
151291 68895
151291 94309
151291 131658
151291 20544
151291 116959
151291 14234
151291 57900
151291 34079
151291 78518
151291 136396
151291 108451
151291 9898
68124 72846
112498 23209
112498 72846
102545 14385
8619 83385
155369 142008
41894 23209
76982 9959
48072 25103
150776 81374
159927 23209
98315 79463
41227 13772
16180 72846
116457 72846
16180 80401
16180 72846
81374 154708
81374 38014
81374 45210
81374 117937
81374 138479
81374 45732
81374 107718
81374 98706
81374 120601
81374 89480
81374 75342
81374 53360
81374 160821
81374 23135
81374 80528
81374 127167
81374 119775
81374 4769
81374 19568
81374 34583
81374 96997
81374 23832
81374 61513
81374 136282
81374 17553
81374 55386
81374 121969
81374 113423
81374 10109
81374 127085
81374 78322
81374 98431
81374 38135
81374 379
81374 51309
81374 76316
81374 95905
81374 70353
81374 53376
81374 12462
81374 9964
81374 127867
81374 7275
81374 82646
81374 52712
81374 118074
81374 98970
81374 15368
81374 111995
81374 113913
81374 57128
81374 141132
81374 21040
81374 60597
81374 64353
81374 159158
81374 116187
81374 90580
81374 116452
81374 77833
81374 87953
81374 19460
81374 49755
81374 36816
81374 6610
81374 96971
81374 96067
81374 113512
81374 47818
81374 17067
81374 46385
81374 113082
81374 78407
81374 21410
81374 3554
81374 25417
81374 5296
81374 68007
81374 52952
81374 24543
81374 157098
81374 40697
81374 138780
81374 68813
81374 58709
81374 23475
81374 156792
81374 31070
81374 15948
81374 108238
81374 36592
81374 49394
81374 13531
81374 19178
81374 28606
81374 80310
81374 77140
81374 4305
81374 57145
81374 30565
81374 148348
81374 1241
81374 160708
81374 23369
81374 154964
81374 124291
81374 37096
81374 42567
81374 160755
81374 948
81374 81624
81374 23438
81374 101063
81374 126486
81374 1205
81374 74839
81374 60582
81374 87292
81374 35244
81374 105993
81374 28466
81374 42872
81374 2324
81374 31980
81374 74932
81374 12605
81374 3118
81374 34810
81374 141163
81374 10833
81374 39706
81374 38231
81374 57895
81374 113485
81374 56783
81374 67225
81374 25093
81374 4878
81374 80892
81374 8062
81374 10173
81374 25557
81374 6265
81374 90312
81374 39108
81374 31660
81374 160092
81374 4313
81374 30451
81374 95569
81374 80343
81374 31155
81374 159126
81374 22907
81374 26610
81374 70173
81374 65445
81374 65720
81374 34642
81374 46755
81374 61407
81374 81305
81374 116359
81374 41755
81374 87267
81374 10389
81374 15571
81374 49004
81374 41528
81374 63610
81374 35047
81374 129303
81374 57940
81374 145952
81374 70189
81374 19732
81374 61603
81374 32809
81374 72667
81374 24625
81374 48488
81374 35387
81374 48510
81374 113140
81374 54147
81374 75134
81374 84860
81374 46035
81374 80739
81374 47071
81374 128743
81374 19148
81374 22544
81374 115118
81374 65962
81374 40388
81374 95009
81374 40066
81374 45822
81374 33253
81374 82475
81374 26300
81374 4822
81374 50700
81374 10467
81374 98661
81374 56647
81374 47532
81374 85391
81374 20853
81374 51966
81374 85252
81374 143283
81374 81301
81374 122822
81374 7427
81374 98095
81374 66029
81374 24459
81374 73349
81374 78695
81374 116384
81374 75672
81374 130516
81374 38377
81374 26297
109905 129270
109905 3334
109905 79463
109905 72846
78243 23209
52732 23209
19033 143559
46393 23209
5494 136031
117937 143559
55469 23209
55469 8758
73792 72846
82768 80401
82768 79463
82768 23209
82768 72846
95333 23209
116883 79463
116883 23209
74781 123468
37296 72846
152888 79463
57196 23209
154447 79463
154447 23209
63902 27430
51527 68397
16271 67147
45143 72846
99236 72846
27458 8758
157226 13772
129620 23209
136990 75602
60775 23209
60775 25103
60775 72846
138191 79463
4125 143559
119376 72846
101126 72846
148747 75602
151126 57582
151126 23209
151126 83385
54767 23209
36521 23209
129624 90843
48103 23209
34385 23209
34385 72846
141759 80401
141759 57582
141759 72846
138817 142008
138817 3334
138817 72846
138817 8758
136169 72846
100346 138370
131197 83385
146832 143559
80401 103907
80401 130256
80401 136286
80401 41034
80401 119653
80401 100309
80401 61060
80401 13570
80401 128145
80401 66252
80401 67323
80401 134257
80401 132872
80401 75525
80401 84057
80401 72846
44625 143589
44625 100594
44625 34821
44625 24791
44625 102439
44625 20457
7622 23209
145959 72846
103907 132289
103907 79463
103907 23209
103907 27430
105209 23209
105209 8758
50151 72846
142338 119653
142338 23209
142338 113514
142338 124859
100276 23209
140601 87709
114059 23209
67192 72846
116131 71622
116131 121842
109839 72846
68174 23209
120905 72846
142008 90081
142008 101598
142008 99476
142008 52382
142008 88079
142008 157905
142008 62870
142008 13732
139427 143559
64310 25417
120526 67129
134024 79463
21908 25103
2963 66715
26693 83385
4729 23209
154174 87709
88345 67147
154969 24791
22142 23209
126363 79463
122390 61268
122390 8758
115356 79463
115356 72846
34413 72846
80573 23209
80573 72846
38676 72846
135267 28262
155276 79463
158637 72846
80182 23209
118753 75602
71273 87709
22115 8758
99108 23209
99108 61268
48928 67129
142266 72846
61677 33105
16401 143559
159067 23209
17287 23209
136282 136031
156037 67147
62453 87800
86579 66715
93815 23209
31633 14385
104817 23209
48849 66715
49844 23209
158284 72846
10034 23209
10034 25103
144259 79463
24092 81596
58330 23209
113309 33033
113309 67147
107643 23209
115057 41376
96866 138370
96866 160404
96866 140649
140957 23209
105440 83385
105440 61268
105440 72846
105440 8758
61289 33105
61289 83385
61289 25103
146531 79463
158300 83385
10483 51309
98969 72846
69142 79463
140592 33105
5008 79463
64311 67129
7052 23209
156325 72846
103516 23209
103516 72846
69045 8758
70278 27430
9708 72846
153002 25103
155800 72846
33918 129270
154199 90843
119644 23209
38751 72846
150046 23209
150046 68397
157882 23209
130094 23209
100300 79463
119024 23209
75832 79463
75832 23209
75832 68397
75832 72846
75832 8758
159546 79463
159546 23209
115090 23209
97845 23209
151229 23209
26678 23209
126259 79463
129217 23209
137430 72846
55025 23209
151522 23209
83791 90843
83791 143559
99319 33033
151278 75602
50048 69693
91883 67129
124365 27430
97473 90843
68647 124245
91276 79463
130313 79463
88096 23209
88096 72846
113679 72846
116094 72846
108010 143559
27133 72846
72347 69693
3244 143559
3244 136771
129270 15174
129270 32032
129270 159340
129270 78915
129270 106983
129270 11515
129270 66272
129270 136127
129270 30286
129270 38759
129270 159362
129270 73028
129270 68902
129270 77339
129270 75525
129270 15290
129270 136897
120955 35934
156222 25103
119910 23209
119910 72846
158277 13772
144963 23209
158764 72846
76626 143559
147228 81262
140121 44657
154161 79463
117217 33056
117217 25103
115114 25103
128633 23209
128633 51128
121285 23209
37785 61268
37785 17359
54921 23209
133690 83385
77596 143559
147956 23209
147956 61268
132109 23209
49565 27430
49529 72846
115707 79463
115707 23209
115707 25103
115707 72846
115707 14385
154531 61268
152405 136031
48912 61268
116878 61268
113474 3334
57582 3433
155797 24791
15771 23209
128028 72846
11375 143559
141524 33105
141524 72846
70080 8758
135455 8758
135420 23209
135420 8758
115745 23209
140127 67129
115747 23209
154631 72846
59210 83385
3334 55467
3334 117209
3334 121842
3334 158792
3334 25204
106895 23209
61652 72846
28770 23209
115752 23209
115752 8758
128102 23209
111353 72846
157913 87709
76240 23209
69656 23209
65347 143559
37968 23209
30032 23209
30032 83385
30032 25103
30032 69693
73935 55467
73935 114166
73935 82705
120115 136031
86447 136031
151597 87709
101258 143559
49593 23209
76743 33105
76743 17359
2263 2708
2263 10406
2263 22372
2263 5833
2263 54051
2263 19303
2263 83419
2263 19577
2263 70744
2263 73809
2263 31071
53977 23209
53977 72846
121186 68397
79462 75602
55983 23209
90843 15149
90843 72064
90843 84183
90843 1088
90843 28002
90843 4146
90843 19821
49777 72846
53546 72846
99838 75602
117299 23209
39731 91977
39731 88137
78944 3450
7490 25103
64353 66715
55467 72846
131559 72846
23764 3877
54581 23209
130256 72846
17960 72846
117832 23209
117832 25103
117832 72846
155537 23209
23378 23209
156750 72846
35404 72846
124906 8758
16855 66715
43981 72846
18431 72846
60031 86265
138370 120595
138370 60249
138370 67129
138370 44657
138370 27430
87998 23209
140398 79463
131602 3877
158491 23209
158491 72846
32387 118259
30588 23209
64095 79463
64095 23209
64095 83385
64095 27430
64095 72846
64095 8758
44151 8758
115877 61268
124245 158618
124245 62470
124245 157028
124245 4493
124245 106263
89940 33105
89940 23209
89940 72846
89940 8758
102675 79463
102675 23209
98336 72846
59945 72846
116602 25103
6228 23209
6228 25103
6228 72846
99193 33056
98708 143559
7889 143559
7889 87080
7889 66715
120932 23209
94227 23209
46266 23209
102751 72846
93919 66715
116572 66715
109109 72846
116452 136771
143559 68703
143559 119147
143559 38314
143559 19003
143559 5499
143559 119509
143559 78006
143559 101045
143559 44634
143559 15075
143559 2803
143559 72872
143559 126877
143559 109084
143559 83894
143559 12433
143559 64340
143559 29466
143559 63238
143559 76968
143559 28466
143559 15300
143559 22735
143559 40886
143559 22722
143559 2731
143559 125969
143559 94249
143559 70744
143559 30895
143559 3695
143559 19854
143559 48510
143559 101625
143559 140713
143559 47572
143559 112158
143559 65022
143559 105568
143559 125658
143559 117268
143559 2372
143559 78695
143559 107600
143559 6174
143559 57292
70954 23209
70954 72846
110590 33105
17280 79463
160960 23209
759 9266
135589 72846
17781 2433
104712 13060
101471 66715
70607 23209
64636 72846
110118 72846
89549 72846
35710 70042
13919 23209
13919 83385
13919 72846
14068 8758
124107 66715
81596 86984
28520 23209
33056 23209
33056 160341
33056 83385
33056 25103
57282 23209
153549 24791
82286 79463
76543 72846
150016 33105
72373 23209
101917 23209
56156 25103
133844 23209
35285 27430
31999 23209
1883 23209
149141 72846
70795 44657
76531 72846
146920 23209
89226 23209
99268 23209
88915 66715
51860 83385
17053 72846
115717 67147
25185 27430
25185 72846
25185 8758
80954 72846
11420 23209
41429 23209
38329 23209
119653 75602
119653 79463
119653 33105
119653 3113
119653 83385
119653 157868
119653 25103
119653 53867
12729 23209
91977 83385
91977 70737
67698 23209
122214 23209
122214 135914
146361 23209
106673 23209
88853 23209
31026 25103
84312 72846
18340 23209
18340 72846
34334 79463
34334 23209
34334 61268
34334 72846
86898 72846
38330 23209
77343 23209
77343 25103
77343 72846
46679 23209
57099 33105
58093 72846
10838 72846
143222 33105
143222 23209
143222 157868
42272 136771
35934 99766
77040 23209
123468 79463
107259 63610
23097 23209
25417 3877
153745 83385
52212 23209
86031 23209
158240 79463
138643 87709
49897 75602
14583 23209
79023 23209
151622 23209
151622 72846
42274 72846
154243 61268
154243 87709
154243 72846
75602 44424
75602 73198
75602 67693
75602 69647
75602 64173
75602 71506
75602 75427
75602 65620
75602 44995
56658 87709
124709 23209
33033 33105
33033 35973
33033 67300
117680 45569
117680 83385
117680 67170
153804 14385
86984 79463
86984 23209
86984 25103
44295 79463
6638 67129
61543 61268
61543 70310
61543 72846
89062 72846
11174 23209
34585 23209
86761 23209
67193 23209
11237 23209
11237 27430
11237 72846
37302 72846
18361 79463
18361 23209
18361 83385
31355 23209
24629 79463
33778 79463
33778 27430
7080 61268
52384 23209
36109 79463
36109 23209
36109 61268
36109 25103
37300 72846
157847 72846
16358 23209
53735 136771
58998 23209
109162 79463
109162 23209
109162 72846
29890 29009
16292 72846
50146 23209
17588 115027
28921 83385
128464 72846
79463 77705
79463 28735
79463 160501
79463 128208
79463 23209
79463 67718
79463 46273
79463 25337
79463 87532
79463 103630
79463 101598
79463 11636
79463 5495
79463 49099
79463 56424
79463 20154
79463 10594
79463 59216
79463 46940
79463 60518
79463 118924
79463 45452
79463 93204
79463 68279
79463 17332
79463 115028
79463 75525
79463 139328
79463 19800
79463 27430
79463 27517
79463 19090
79463 121842
79463 153865
79463 72846
79463 113548
79463 17359
79463 37828
79463 158792
79463 70737
79463 54244
79463 100291
79463 159724
79463 103965
79463 8758
79463 88567
77705 23209
77705 72846
141753 72846
160123 23209
75415 83385
30333 23209
30333 51128
116378 8758
99637 23209
97836 23209
97836 72846
154432 23209
48879 72846
20671 23209
86265 23209
86265 25103
77027 136771
98331 25103
65478 25103
17303 23209
91492 136771
51491 72846
69021 27430
69021 8758
74324 61268
74324 12473
33105 44424
33105 97585
33105 101598
33105 56424
33105 73941
33105 88662
33105 68902
33105 17475
33105 65620
33105 12696
33105 157215
33105 75374
42680 25103
50096 23209
50096 61268
44424 67129
58682 23209
41475 23209
102109 67129
14192 23209
23209 62314
23209 22184
23209 19234
23209 123053
23209 34404
23209 75273
23209 5588
23209 131373
23209 120595
23209 57826
23209 59474
23209 40376
23209 57254
23209 85936
23209 160341
23209 52856
23209 36987
23209 63960
23209 119027
23209 40145
23209 40391
23209 15555
23209 136367
23209 90772
23209 76563
23209 8061
23209 58244
23209 99595
23209 1102
23209 23676
23209 99953
23209 63202
23209 36210
23209 15128
23209 9836
23209 8685
23209 85042
23209 55000
23209 101598
23209 123055
23209 48854
23209 8765
23209 13570
23209 51128
23209 84991
23209 71481
23209 79130
23209 47961
23209 115156
23209 137045
23209 58808
23209 79497
23209 84830
23209 11139
23209 60819
23209 14947
23209 123991
23209 2953
23209 73577
23209 87698
23209 63385
23209 140122
23209 10432
23209 41467
23209 63184
23209 2957
23209 117303
23209 115150
23209 10594
23209 51827
23209 159389
23209 88363
23209 77855
23209 14736
23209 37424
23209 49967
23209 4768
23209 40915
23209 27885
23209 746
23209 61268
23209 114685
23209 52867
23209 156736
23209 30352
23209 26178
23209 66245
23209 94438
23209 38333
23209 49217
23209 92051
23209 111164
23209 80052
23209 115754
23209 119048
23209 128000
23209 41376
23209 103869
23209 24354
23209 40192
23209 12018
23209 113700
23209 103072
23209 38578
23209 32752
23209 117676
23209 83048
23209 79576
23209 6051
23209 34513
23209 88410
23209 92358
23209 18057
23209 23633
23209 161137
23209 88215
23209 23457
23209 26156
23209 58881
23209 15427
23209 94725
23209 53785
23209 99826
23209 24097
23209 93204
23209 58003
23209 87237
23209 37120
23209 93036
23209 59719
23209 33899
23209 8526
23209 14297
23209 6545
23209 13220
23209 98124
23209 132872
23209 106992
23209 22580
23209 25103
23209 116967
23209 32981
23209 6360
23209 43413
23209 93702
23209 2958
23209 24224
23209 27430
23209 53387
23209 115021
23209 24494
23209 37420
23209 121215
23209 79903
23209 57427
23209 78804
23209 46164
23209 40993
23209 37179
23209 154213
23209 155972
23209 35730
23209 86201
23209 58121
23209 158713
23209 33084
23209 41111
23209 48929
23209 119011
23209 62381
23209 52296
23209 79565
23209 76495
23209 84057
23209 34205
23209 95532
23209 44705
23209 144338
23209 3977
23209 94323
23209 61643
23209 33383
23209 22838
23209 51390
23209 3433
23209 33598
23209 91109
23209 3318
23209 70247
23209 39324
23209 55926
23209 42142
23209 75209
23209 17359
23209 99993
23209 65062
23209 32071
23209 88137
23209 25901
23209 14385
23209 69139
23209 101066
23209 62229
23209 38012
23209 129838
23209 79547
23209 54244
23209 67128
23209 102634
23209 115396
23209 5517
23209 122418
23209 45473
23209 119770
23209 86869
23209 11526
23209 87979
23209 55101
23209 74478
23209 68510
23209 84799
23209 71799
23209 75763
23209 10931
23209 1420
23209 52598
23209 59764
23209 56488
23209 145734
71622 72846
121851 72846
14661 3877
64674 25103
83091 56458
64783 66715
70907 72846
66130 3877
47155 61268
154231 72846
75273 72846
60975 102439
30370 9266
47037 51128
135914 51128
135914 157868
135914 72846
53476 75875
9285 72846
150259 136771
57254 61268
21973 83385
143398 75461
67147 28266
67147 13240
67147 70857
67147 104215
67147 56680
67147 42394
67147 17359
67147 67737
67147 119504
160341 29009
160341 72846
73401 87709
54051 83385
60868 13772
67022 25103
83385 81814
83385 60059
83385 73911
83385 11515
83385 106283
83385 38924
83385 45547
83385 101598
83385 2533
83385 13570
83385 42660
83385 149004
83385 12033
83385 128148
83385 68902
83385 120491
83385 29906
83385 28262
83385 25625
83385 114643
83385 59154
83385 52593
83385 24224
83385 17729
83385 7219
83385 52296
83385 115344
83385 79565
83385 89113
83385 35192
83385 87336
83385 17359
83385 13248
83385 57900
83385 101066
83385 21327
83385 67128
83385 5749
83385 71799
61774 72846
124291 3877
56458 115173
4268 72846
119027 72846
13056 87709
75327 67129
112411 136031
14617 72846
143196 24791
117209 25103
119335 53867
98472 5975
10272 72846
35804 72846
118259 8758
49108 136771
94691 61268
28597 72846
87934 51128
39328 72846
23786 8758
129923 8758
28324 8758
36210 25103
36210 72846
160444 61268
13060 66715
15128 61268
15128 87709
15128 72846
67227 72846
68397 155804
68397 99476
68397 28738
68397 29906
68397 72846
87978 87080
70722 25103
77077 72846
23066 72846
9836 72846
8685 25103
8685 72846
81927 80360
54813 72846
159716 66715
117242 61268
38558 72846
56434 72846
55000 72846
101598 28262
101598 8758
15271 66715
89827 72846
13570 25103
13570 27430
13570 72846
51128 89181
51128 160517
51128 24006
51128 17359
51128 31322
34615 72846
5975 9762
5975 46739
5975 57702
5975 28893
47113 54244
19378 74443
19378 6545
58808 27430
21394 72846
46838 13772
95631 61015
4747 66715
34853 17359
30180 72846
66204 72846
18216 66715
80510 61268
73577 72846
56634 136771
17433 72846
9894 8758
140122 72846
158587 72846
43418 66715
146755 61268
155804 72846
115150 72846
87960 8758
26779 72846
18295 66715
12251 28262
10594 72846
159389 67129
105099 25103
5758 72846
25093 66715
86444 8758
54641 72846
61268 33759
61268 159362
61268 66252
61268 68902
61268 93204
61268 48442
61268 32727
61268 74793
61268 47804
61268 27430
61268 94987
61268 159417
61268 61311
19583 72846
46940 87709
46940 72846
46940 54244
87080 15159
73415 9959
69647 44657
154879 72846
90259 25103
90259 72846
21034 66715
33759 8758
87709 35973
87709 73294
87709 121917
87709 8526
87709 25103
87709 98782
77051 72846
91711 72846
49217 72846
95546 46739
119048 72846
128000 72846
103869 69693
66754 66715
31985 72846
66151 66715
82346 72846
22755 8758
12018 25103
12018 72846
154375 66715
25679 25103
25679 72846
64236 25103
114182 72846
67300 25103
13811 25103
13811 72846
9762 46739
66252 72846
27524 6475
88079 25103
73028 25103
107318 72846
6051 27430
68902 8758
110458 66715
77339 8758
100833 25103
100833 72846
149593 8758
66713 28262
59508 8758
38744 72846
120347 27430
120347 72846
484 70993
48746 25103
48746 72846
144543 24791
129985 72846
120491 53867
120491 8758
47854 67129
118594 72846
67323 72846
59122 59465
50036 155294
37899 72846
67129 28262
67129 114162
67129 83375
67129 16992
6928 72846
28262 99748
28262 61520
24097 25103
24097 72846
46739 57702
93204 72846
13772 66715
24791 38377
58003 25103
58003 72846
26989 25103
93882 72846
58550 8758
51111 72846
59719 72846
113636 72846
115869 40986
23667 66715
76609 72846
8526 72846
6545 17359
3877 15362
145952 72846
75525 72846
73423 72846
18790 136771
25103 153865
25103 22838
25103 72846
25103 17359
25103 15290
25103 17800
25103 37658
25103 56488
40986 72846
22526 8758
104160 8758
99372 27430
24224 136771
27430 154213
27430 7149
27430 72846
27430 45473
27430 86869
27430 61311
46923 8758
50126 72846
50126 8758
29009 17359
79903 72846
40081 72846
131658 8758
37401 8758
154213 72846
154213 8758
121373 8758
107216 72846
7236 8758
7149 8758
115344 72846
47787 72846
159010 72846
77498 72846
84057 72846
34205 72846
45125 72846
61457 66715
159577 72846
3433 72846
81930 72846
1877 72846
13266 72846
115129 72846
28917 72846
82700 72846
72846 10424
72846 116959
72846 55926
72846 75209
72846 17359
72846 57900
72846 37475
72846 13866
72846 38285
72846 157905
72846 153895
72846 127506
72846 88137
72846 158792
72846 25204
72846 25901
72846 17800
72846 129838
72846 79547
72846 34112
72846 64939
72846 119770
72846 86869
72846 11526
72846 156570
72846 103965
72846 78338
72846 61897
72846 88567
17359 111940
17359 8758
132921 8758
56312 136771
37697 136771
57702 28893
4141 66715
115675 8758
28893 136031
14385 25608
79223 8758
58418 66715
34297 8758
31322 8758
136771 136031
136771 38707
82657 8758
108451 8758
63297 8758
62077 8758
