236 -0.54714066
319 0.7452051
379 -0.84703296
484 0.067348786
515 -0.7338808
534 -0.9315322
600 -0.5545578
673 -0.28570843
689 -0.08425537
728 -1.1141744
746 0.031082846
759 -0.8730679
935 -0.50811267
948 -0.7781058
952 0.33801252
1074 0.24993673
1078 -0.8458186
1088 -1.034057
1102 -0.4154686
1205 0.22691682
1213 -0.32608622
1241 0.15975715
1420 -0.23805329
1422 -0.8744249
1539 -0.20053677
1608 0.07526073
1617 -0.51723874
1633 -0.07326479
1685 0.65629286
1787 -1.0396489
1841 0.027547967
1877 -0.54916286
1883 -0.56153345
1927 -0.20972149
2194 -0.59428936
2263 -0.56992096
2283 -0.3962881
2300 -1.0837188
2324 0.35879266
2335 -0.44920176
2372 -0.6475624
2398 -0.85798615
2433 -1.0731683
2533 -1.0938485
2708 -0.2504388
2731 -1.1872911
2803 -0.6497246
2953 -0.17654496
2957 -0.13583045
2958 -0.21471967
2963 -0.5689459
3113 -0.69773763
3118 0.49230295
3179 -0.28197613
3188 -0.74714434
3227 -0.3271923
3233 -0.1832331
3244 -0.7366265
3318 -0.37021068
3334 -0.13925968
3433 -0.38272157
3446 0.42042556
3450 -0.6827176
3465 -0.32632
3543 -0.65637416
3544 0.25218725
3554 -0.38286242
3566 -0.68043727
3605 -0.17251696
3686 -0.27427158
3695 -0.37743083
3703 0.2588428
3708 -0.14102998
3753 0.46239245
3800 -0.5966476
3845 0.5196782
3877 -0.39857626
3925 -0.7484423
3977 -0.4845739
4091 -0.44289628
4100 -0.7624928
4125 -0.24884775
4141 -0.7493131
4146 -0.47674498
4232 -0.9268251
4268 -0.44190556
4274 -0.8450369
4305 0.39227912
4313 -0.08693453
4444 0.04398774
4493 -0.202716
4707 0.17158724
4729 -0.24630788
4747 -0.47690597
4752 -0.91566646
4768 0.26621142
4769 1.2496551
4773 -0.12581888
4822 1.5025383
4857 0.10565237
4878 -0.31298524
4897 -0.24581225
4933 -0.20070842
4993 -0.80711484
5008 0.7593975
5017 -0.6999338
5033 -0.45426774
5042 -0.4207476
5047 -0.44891116
5130 -0.41721576
5164 -0.6802504
5247 -0.48754075
5261 -0.24704684
5296 0.5834459
5308 -0.46269035
5358 -0.72014344
5363 -0.15944119
5379 -0.4514005
5435 -0.6052419
5472 -0.39493814
5494 0.27845296
5495 -0.52809024
5499 0.23979048
5513 -0.2687881
5517 -0.6113727
5543 -0.0076549896
5588 -0.003384309
5740 -0.75599456
5749 0.1460937
5758 -0.017844243
5821 0.22811937
5833 -0.41175246
5916 -1.3786817
5975 -1.33626
6051 -0.14244734
6073 -0.546187
6123 -0.5598818
6174 0.8471106
6228 0.0137445545
6265 -0.88815564
6301 -0.709329
6360 -0.6005205
6475 -0.8940021
6488 -0.16136274
6545 -0.21225013
6561 -0.5530147
6601 -0.6615074
6610 0.088441834
6638 1.2572479
6649 -0.77804935
6706 -0.27675885
6866 -0.1649711
6881 -0.48683402
6928 0.11345545
6961 -0.05046859
7008 -0.3993969
7048 -0.25269225
7052 -0.27755097
7054 -0.7127148
7071 0.07407874
7080 -0.70900583
7130 -0.34934145
7149 0.06445001
7200 -0.58267754
7219 -0.57043135
7236 -0.46258283
7275 -0.77065897
7374 -0.59014755
7384 -0.19989575
7427 0.066487685
7471 -0.16470928
7490 0.40708572
7528 -0.18078615
7597 -0.10245337
7619 -0.10348261
7622 1.1040077
7675 -0.14227033
7728 1.2630117
7841 -0.10390539
7883 -0.4844091
7889 0.2087011
7995 -0.5550857
8015 -0.7238117
8061 0.085207194
8062 -0.39784852
8094 -0.33719695
8175 0.0096424855
8526 -0.16133134
8598 -0.85800654
8619 -0.7433695
8685 -0.5573459
8758 -0.60575736
8765 -0.11000436
8827 -0.03029257
9014 -0.22982372
9023 0.0931085
9069 0.19807617
9075 -0.9771431
9183 -0.66482246
9192 -0.6252759
9208 -0.4074535
9266 -0.15020263
9285 0.7637398
9405 -0.36824083
9430 0.7277841
9469 -0.76699084
9689 -0.73494273
9694 -0.101418436
9708 -0.10144486
9762 0.5965957
9814 -0.62909466
9836 -0.45085087
9852 -0.25897336
9859 -0.037133906
9877 0.20673515
9894 0.5560406
9898 -0.8138205
9955 -0.25662455
9959 -0.5011485
9960 -0.675001
9962 -0.5625891
9964 -0.65397424
9979 0.30145296
10034 -0.16320185
10109 -0.7993901
10125 -0.28544265
10173 -1.1102566
10272 -0.3361926
10389 -0.19846189
10406 -0.2862618
10424 -0.30391648
10432 -0.7347867
10467 -0.89931834
10483 -0.7751956
10566 -0.115834504
10594 -0.95213
10643 -0.45814222
10654 0.114849314
10659 -1.371707
10833 0.83038735
10838 -0.7516069
10931 -0.101071075
10950 -0.113571055
11006 -0.17573589
11139 -0.6109654
11174 -0.4631732
11237 -1.2796835
11256 -0.49203408
11375 -0.8726283
11420 -0.63248575
11443 0.4421582
11515 -0.43558535
11526 -0.3107759
11592 -0.73137045
11636 0.10445331
11761 -0.6863654
12018 0.037383594
12033 -0.42663342
12044 -0.37396568
12054 -0.2784932
12078 -0.56700855
12251 -0.711746
12306 -0.5997397
12388 -0.701179
12433 -0.5102338
12462 -0.64617455
12466 0.49979112
12473 -0.8057044
12605 0.010292159
12619 -0.8537721
12679 0.22524574
12696 -0.38721314
12729 -0.32903433
12847 -0.9541863
12857 -0.6826567
13056 -0.33532494
13060 -0.33057272
13137 -0.49091354
13181 0.19287764
13220 1.141059
13240 -0.90377516
13248 -0.646127
13266 -0.64746183
13286 -0.48751935
13297 0.36215806
13489 0.9029814
13531 -0.62217295
13570 0.37753177
13655 0.0933833
13669 -0.25328267
13676 0.6475965
13732 -0.6256136
13772 -0.43642175
13804 -0.90572816
13811 -0.3457917
13866 -0.52387196
13872 -0.20039064
13919 -0.048841525
13950 0.22664236
14004 -0.69695437
14055 -0.30212834
14068 -0.35909814
14074 0.06812294
14192 -0.3981091
14234 -0.886721
14271 -0.7170218
14278 -0.562311
14297 -0.686047
14385 -0.7618048
14390 -0.5702954
14470 -0.5268124
14479 -0.6642872
14501 -0.4639449
14583 -0.49774367
14615 0.49923217
14617 0.1739383
14661 -0.7274796
14691 -0.3246963
14697 0.119368054
14736 0.7583539
14947 -0.39571834
14972 0.01592361
15014 -0.5887519
15075 -0.66237473
15097 0.022316132
15128 0.68572354
15149 -0.3036265
15159 -0.15656692
15174 -0.7201925
15271 -0.12827408
15278 -0.6174278
15290 -0.32611164
15300 -0.55640525
15362 -0.941866
15368 -1.0210682
15401 -0.27410495
15416 -0.01645908
15427 -0.14190614
15458 -0.84235734
15555 -0.56310254
15571 -0.7766911
15626 -0.8357987
15771 -0.001223116
15809 -0.31087843
15856 -0.51978916
15889 -0.030128157
15948 -0.4003587
15997 -0.28331545
16008 -0.3670787
16180 -0.34514228
16271 0.5193754
16292 -0.65541136
16320 -0.28883874
16358 -0.22580703
16401 -0.72523564
16515 -0.5140395
16669 -0.83972186
16738 1.0161042
16855 -0.053572778
16940 -0.5980504
16992 -0.17075963
17033 -0.43867958
17053 -0.47516444
17067 -0.3688318
17280 -0.6476254
17287 -0.49336675
17303 -0.61426467
17305 -0.40312332
17332 -0.47334498
17359 -0.3382165
17411 -0.9037683
17433 -0.044891775
17434 -0.67821085
17475 0.9263849
17553 -0.5504571
17588 -0.71249944
17664 -0.3324611
17684 -0.59598154
17726 -0.26868805
17729 -0.65814435
17781 -0.17684762
17791 -0.79423213
17800 -0.795155
17881 0.14635663
17952 -0.6247318
17960 0.035070427
17984 -0.9477886
17987 1.0273706
17991 -0.41101763
18057 -0.16792992
18064 -0.3543086
18091 -0.76515925
18157 0.069263875
18216 -0.0445707
18251 -0.3746201
18295 -0.72336537
18311 0.88861054
18340 -0.16129085
18361 -0.93941295
18431 -0.15628326
18439 -0.7251968
18672 0.7434251
18685 -0.72724
18743 -0.007503603
18790 -0.8748939
18799 0.55115646
18831 0.79311734
18932 -0.1729413
19003 -0.74642074
19033 -0.2136496
19090 -0.6514284
19112 -0.017746326
19148 -0.992626
19178 -0.40038407
19195 -0.08964205
19234 -0.92204356
19303 -0.09567028
19307 -0.23325773
19378 0.03616045
19409 -0.5340543
19460 0.36732814
19470 -0.6146075
19512 0.36372072
19537 -0.44606563
19554 -0.71020323
19568 -0.48472792
19577 -0.11439201
19583 -0.44490477
19589 -0.37040302
19593 -0.064243615
19648 0.37865362
19691 -0.23388362
19732 -0.28276533
19800 0.86192524
19821 -0.58492297
19854 -0.83963406
20138 -0.66669893
20154 -0.63680804
20426 -0.5383687
20457 -0.26853207
20465 0.61582154
20544 0.07540111
20671 -0.10742515
20724 -0.54885393
20748 -0.4870621
20816 -0.04967378
20822 -0.3522575
20853 -0.4848365
20870 -0.30581656
20942 -0.14346044
21025 -0.096440025
21034 -0.6971332
21040 -0.56505525
21280 -1.0908664
21327 -0.5434841
21394 -0.40654492
21410 -0.6836874
21596 -0.63906634
21724 -0.20698175
21759 -0.5534076
21781 -0.63982105
21809 0.030923255
21908 -0.66875166
21913 -0.38600236
21933 -0.0586095
21973 -0.304937
21991 -1.198806
22089 -0.5864369
22115 -0.34209996
22142 -0.7385977
22184 -0.334161
22298 -0.61685324
22372 -0.5934872
22448 -0.6318348
22490 -0.684294
22526 -0.38911006
22544 -0.33945653
22580 0.8198632
22722 -0.6355579
22735 -0.23409401
22755 -0.2879039
22833 0.046273783
22838 -0.14970258
22851 -0.18291837
22907 -1.0272993
22937 -0.31285354
23066 0.58216935
23097 -0.4250483
23135 -0.8078648
23195 -0.53590506
23209 -0.2607265
23329 -0.9773229
23369 -0.7542831
23378 -0.2748804
23389 -0.50633234
23438 0.17553239
23455 -0.522844
23457 -0.6535864
23475 -0.9781503
23606 -0.173577
23633 0.87735534
23657 -0.7930968
23667 0.5187578
23676 -0.28352407
23727 -0.2746985
23736 -0.29235902
23764 -0.17944062
23786 -0.7861655
23832 0.17630365
23916 -0.27382168
23918 -0.17727406
23938 -0.13296969
23955 -0.1521561
24003 -0.65520114
24006 -0.1749452
24029 -0.23011325
24052 -0.292074
24092 -0.44636595
24097 0.32882988
24224 -0.28024608
24323 -0.2805139
24354 -0.64077693
24392 -1.0517048
24459 -0.056786716
24494 -0.4484912
24543 -0.96533906
24625 -0.82655174
24629 -0.34572324
24691 -0.78430355
24778 0.2903616
24791 -0.6525719
24885 -0.67918277
24939 -0.4517854
25027 -0.015824985
25035 0.5419486
25093 -0.37102005
25103 -0.3725091
25185 -0.885677
25204 -0.070211716
25337 -0.7739686
25377 -0.85159695
25417 -0.1377935
25557 -0.62103516
25598 -0.048542507
25607 0.9875793
25608 -0.69583166
25625 0.5727964
25679 -0.009214746
25703 -0.51035273
25775 -1.0119859
25778 -0.41773087
25901 -0.20276625
25910 -0.46446624
26156 -0.44936997
26178 -0.7869526
26297 0.4782286
26300 -0.37531722
26366 -0.93331534
26563 -0.17957333
26610 -0.17872606
26678 -0.22424588
26693 -0.4504132
26776 -0.6028165
26779 -0.77013326
26989 -0.44992465
26995 -0.7554697
27053 -0.3484037
27133 -0.5218209
27400 -0.32299563
27430 -0.5030605
27458 -0.46029466
27517 -0.72676635
27524 -0.059638035
27653 -0.763721
27713 -0.2627634
27885 -0.63270944
28002 -0.5010496
28150 -0.13765383
28262 -0.5187014
28266 -0.96300626
28324 0.08247698
28435 -0.66829604
28466 0.2612466
28494 -0.5232899
28520 -0.48154458
28597 -0.51241195
28606 -0.643385
28621 -0.61905783
28735 -0.44067627
28738 -0.595657
28770 0.22071157
28893 -0.060411334
28917 -0.35173565
28921 -0.7146532
29009 -0.19097611
29040 -0.091813944
29125 -0.5470523
29307 -0.20103952
29355 -0.5362673
29381 -0.3391349
29466 -0.5239264
29486 -0.34735435
29510 -0.92896265
29531 -0.66385144
29566 -0.32122695
29747 -0.53553396
29890 -0.054898024
29906 -0.8033277
29919 -0.9392363
30032 -0.7085053
30039 -0.8804798
30150 -0.07558967
30180 0.11667143
30225 -0.5975257
30253 -0.3617666
30262 -0.27054513
30286 -0.37277168
30333 -0.5894284
30352 -0.018121803
30370 -0.6401905
30416 -0.97710943
30451 -0.5718762
30461 -0.36195076
30565 -0.63152087
30588 -0.6833079
30671 0.5647279
30789 -0.6230542
30888 -0.26344204
30895 -0.68684745
30902 -0.29501593
30927 -0.6398725
31026 -1.0741211
31070 -0.46579784
31071 0.17903966
31155 -0.63098097
31192 -0.89740103
31231 -0.39355373
31322 -0.7602934
31335 -0.78875375
31355 0.5695676
31429 -0.5832998
31473 -0.12096903
31486 -0.78239
31492 -0.5146754
31523 -0.26704988
31530 -0.14551741
31633 0.07509724
31660 -0.13841787
31800 -0.18875483
31920 -0.38124797
31928 -0.46592182
31980 -0.2034305
31985 -0.42185298
31999 0.14957982
32032 -0.61146766
32071 -0.47252256
32387 -0.30846813
32520 0.026303118
32572 -1.0811738
32594 1.1620942
32713 -0.7201446
32727 -0.59901094
32752 -0.4885249
32809 -0.29649362
32828 -0.023020593
32921 -0.33621237
32945 -0.23764402
32981 -0.0534652
33033 -0.088156655
33056 -0.29389194
33084 1.1799709
33105 -0.5725314
33199 -0.21487512
33253 -0.3963679
33281 -0.40480062
33383 -0.09061055
33495 -0.27658543
33598 -0.51557475
33694 0.20172133
33749 0.0040111104
33759 -0.4551358
33778 -0.31100318
33817 -0.74185187
33818 -0.7034989
33885 -0.48513559
33899 -0.45667952
33918 -0.29877603
33921 -0.32394418
33985 -0.916418
33997 -0.81873894
34023 -0.7881467
34051 -0.7872843
34079 -0.18069081
34087 -0.026270429
34112 -0.14173529
34183 -0.15300807
34191 0.08586632
34205 0.42134538
34277 -0.12935479
34297 0.12568171
34334 -0.641603
34366 -1.0528463
34383 -0.19884823
34385 -0.9075407
34404 -0.43492845
34413 -0.99652815
34513 -0.63679075
34559 -0.6519563
34583 -0.54938024
34585 -0.7357674
34614 0.08617468
34615 -0.119358584
34642 0.24061428
34666 -0.7880621
34679 -0.5196154
34810 -0.48179418
34821 -0.62320036
34853 -0.6374336
34860 -0.7376059
35047 -0.13488935
35140 -0.8205431
35165 -0.3069991
35192 0.36586604
35244 -0.3625418
35285 -0.7450421
35340 -0.46495137
35387 -0.4156857
35404 -0.6472868
35460 0.17118686
35579 1.0329573
35710 -0.11861136
35711 -0.24765459
35729 -0.14730889
35730 -0.44831035
35800 -0.18862538
35804 -0.37713557
35925 -0.33251977
35934 0.23308471
35964 -0.6362507
35973 -0.61865
35981 -0.38635397
36109 0.06775721
36180 -0.344197
36210 -0.38642487
36374 -0.8673768
36521 0.5325088
36592 -0.14348893
36816 -0.47559428
36923 -0.3145128
36952 -0.80656993
36987 0.39349014
37034 -0.6983628
37046 -0.39195713
37096 -1.1344421
37120 -0.4767554
37179 -0.4576731
37210 -0.10101281
37237 0.04800864
37261 -0.16319299
37296 -0.3901314
37300 -0.28787374
37302 -0.7161685
37319 -0.9299916
37341 -0.6814372
37345 -0.102229185
37401 -0.02418757
37420 0.16233449
37424 -0.41162467
37475 0.406112
37504 -0.44019404
37658 0.14264287
37697 0.031828564
37777 0.0858699
37785 -0.2438949
37791 -0.45678827
37828 -0.9650713
37886 0.9616995
37899 -0.783244
37918 -0.5104121
37968 1.1997105
38012 0.09761838
38014 -0.85686004
38071 -0.70648104
38135 -0.7845103
38217 -0.6000339
38231 -0.35671976
38285 -0.559838
38289 -0.80172664
38314 -0.52807397
38329 0.9814358
38330 1.1207335
38333 -0.3998748
38372 -0.24142542
38377 0.13947523
38437 -0.6644522
38558 -0.3440997
38578 -0.08642346
38598 -0.3014888
38676 -0.67188317
38680 0.18889186
38707 -0.50272024
38744 -0.28142166
38751 -0.42126232
38759 -0.60456544
38764 -0.7748752
38924 -0.2617775
39012 -0.4901495
39064 -0.07574454
39099 -0.44855273
39100 -0.5057924
39108 -0.21291049
39167 -0.21011677
39184 -0.41504496
39235 -0.63551235
39324 1.1943817
39325 -0.34907255
39328 -0.21322334
39394 -0.61313087
39414 -0.5088063
39446 -0.7132114
39548 -0.4645883
39572 0.07543371
39706 -0.6884341
39731 -0.52805436
39844 -0.30708793
40066 -0.61824983
40081 0.28395656
40090 -0.66146797
40145 -0.3480742
40147 -0.7848127
40149 -0.50184387
40192 0.41161764
40228 -0.1974952
40268 -0.6797677
40283 -1.1198517
40308 0.8902624
40376 -0.5134902
40380 -0.29144704
40385 -0.6192695
40388 -0.452056
40391 -0.6665603
40623 -0.29853547
40697 -0.6458623
40844 -0.3899736
40847 -0.19657694
40886 -0.6548457
40915 0.07566583
40986 -0.5376998
40993 -0.46632707
40998 -0.5371727
41007 -0.07760955
41034 0.54711044
41111 -0.43557745
41134 -0.7716793
41156 -0.26857147
41186 -0.6350892
41227 -0.61962646
41353 -0.1247916
41376 -0.21035849
41429 -0.6671658
41467 0.5254712
41475 -0.012956476
41479 -0.51118684
41528 -1.0252897
41545 -0.030092632
41738 -0.4952629
41755 -0.7181124
41894 -0.31998506
42142 -0.9040586
42159 -1.0708708
42173 0.1774982
42272 -0.040092587
42274 -0.77114165
42338 -0.72742754
42345 -0.4167407
42394 -0.15025069
42518 -0.31095454
42567 -0.30882543
42660 -0.8352633
42680 -0.8484148
42797 -0.7662318
42872 -0.32417107
43063 0.40047258
43175 -0.41027504
43290 1.2272611
43329 0.33927903
43397 -0.33109418
43398 0.10497283
43413 -0.47524467
43418 -0.2584146
43497 -0.21631303
43564 1.3057896
43607 -0.8527241
43618 -0.15560238
43633 -0.5494778
43686 -0.07206037
43732 0.41258296
43749 -0.15633708
43762 -0.25518185
43818 -0.3031873
43981 -0.5594628
44075 0.30676702
44109 -0.58029467
44151 -0.43106794
44240 -0.24367708
44260 -0.06903194
44295 -0.44542933
44318 0.8113363
44338 -0.5630635
44424 -0.45258224
44625 -0.31624317
44634 -0.8503677
44657 -0.34389973
44704 -0.3706717
44705 0.09469238
44729 0.59577847
44818 -0.34534013
44837 -0.21390268
44995 -0.223982
45047 -1.0474981
45125 -0.45854056
45143 -0.057985034
45183 -0.47954804
45210 -0.5818797
45449 -0.5729579
45452 -0.5631773
45473 0.17840058
45531 0.0011497589
45547 0.009539606
45569 -0.67792165
45603 -0.7604681
45626 0.09406236
45632 0.22224385
45682 0.65819013
45684 0.16075395
45712 -0.47449347
45732 -0.32297078
45822 -0.14582922
46007 -0.1932244
46035 -0.8040829
46164 -0.6152117
46208 -0.47096813
46261 -0.37469485
46266 -0.027950242
46273 -0.58764476
46285 -0.38079777
46334 -0.6240258
46385 -0.80845886
46393 -0.26201424
46679 -0.2256555
46739 -0.3005691
46743 -0.85584533
46755 -0.7898531
46828 -0.16594805
46836 -0.20823391
46838 -0.80820704
46923 -0.75079584
46928 -0.16044834
46940 -0.7541641
46971 -0.5045733
46979 -0.79599833
47037 -0.06525662
47071 -0.8099226
47090 -0.19241537
47113 -0.5239731
47133 -0.756982
47155 -0.50342774
47176 0.5945788
47211 -0.68625724
47293 -0.33586445
47326 -0.23369253
47532 -0.5796332
47572 -0.710207
47673 -0.3800595
47716 -0.9653581
47751 -0.41457024
47787 0.7655051
47804 -0.82746345
47808 0.02865399
47818 0.16835003
47837 0.06362025
47854 -0.35385314
47871 -0.36415517
47940 -0.90227026
47961 -0.5175794
48005 -0.4938784
48010 -0.41747648
48052 -0.21805362
48072 -0.19917525
48103 -0.10209581
48154 -0.13519001
48236 -0.34144688
48295 0.10495439
48442 -0.68483806
48468 -0.10129784
48488 0.46095854
48498 -0.1893304
48510 0.07561264
48578 -0.65024155
48583 -0.3428455
48630 -0.26511425
48706 -0.6276417
48710 -0.31857613
48746 -0.21532774
48809 -0.3797279
48849 -0.674904
48854 -0.4541954
48879 0.44993293
48912 -0.58684117
48928 -0.70811814
48929 -0.33200362
49004 0.29822436
49099 -0.2898842
49108 1.0738559
49159 0.4545258
49162 0.8311224
49174 -0.9887627
49217 -0.34447625
49283 -0.41526964
49394 -0.21880235
49529 -0.4482559
49565 0.8176258
49590 -0.47273904
49593 -0.30788454
49644 -0.22197048
49749 -0.62800634
49755 0.7515829
49777 -0.7414256
49780 0.65948
49844 -0.5144373
49897 -0.5110768
49965 -0.4998874
49967 -0.30734706
50014 -0.52391773
50036 0.13412987
50048 0.9875123
50096 -0.7287176
50126 -0.5939029
50146 -0.8196844
50151 -0.41993082
50197 -1.3380543
50283 -0.16300957
50321 0.17980224
50344 -0.67845047
50700 0.5454969
50718 0.096518576
50733 -0.4284542
50984 -0.10393457
51111 1.0146351
51128 -0.47221524
51135 -0.5553472
51143 0.76690835
51177 -0.4330648
51199 -0.7273126
51287 -0.45136255
51309 -0.94264376
51355 -0.49025202
51365 -0.69705886
51390 -0.18411712
51491 -0.82376397
51524 -0.46200857
51527 -0.8567069
51707 0.2784108
51827 -0.68138534
51860 -0.7103142
51931 0.9552673
51966 1.1048993
52096 -0.95413804
52145 0.3917039
52212 0.16766655
52219 0.25427377
52283 0.12543449
52292 -0.9031718
52296 -0.37319478
52328 -0.44632596
52382 -0.3926365
52384 -0.44064924
52414 -0.008388404
52446 -0.3615792
52533 -0.9152183
52593 -0.72388285
52598 -0.2018062
52646 -0.796266
52711 -0.5396969
52712 0.47100616
52732 0.43476936
52734 -0.23879337
52738 -0.89648235
52806 -0.8711271
52856 0.5716197
52867 -0.78203064
52952 0.31884718
53136 -0.27134952
53205 -0.698948
53360 -0.45008415
53376 -1.3142949
53387 -0.20113637
53397 -0.807842
53423 -0.39269575
53430 -0.09237597
53476 -1.1207286
53530 -0.5187163
53546 -0.51009625
53556 -0.8020198
53597 0.15041606
53604 -0.6156897
53685 -0.45171735
53735 -0.4269848
53761 -0.56229806
53785 0.28709176
53867 -0.10895182
53967 -0.73378956
53977 -0.6762543
53985 -0.7568393
54020 -0.47954878
54051 -0.12725073
54053 -0.4469392
54115 -0.19942114
54147 0.09007792
54187 -0.18798606
54203 0.21032906
54244 0.56768143
54309 -0.95118904
54352 -0.72645223
54470 -0.41223598
54581 0.32119367
54641 0.13657048
54654 -0.6991122
54710 -0.84200037
54767 -0.37839112
54813 -0.76060873
54921 -0.77338004
55000 -0.28743365
55025 -0.6261821
55035 -0.48051164
55101 -0.58831376
55124 -0.56553006
55151 -1.0961442
55174 -0.8214816
55213 -0.30196106
55386 -0.8410638
55415 -0.19869882
55467 1.2019134
55469 -0.12346587
55487 -0.36355704
55579 -0.57947105
55596 -0.29959032
55678 -0.17210272
55705 -0.088050716
55771 -0.18103409
55903 -0.86530274
55911 -0.10589961
55926 -0.2202837
55983 -0.39389667
56029 -0.59329623
56044 -0.63435537
56083 -0.9250669
56143 -0.86341226
56156 -0.95244884
56285 -0.82003003
56312 -0.017357077
56424 -0.8074042
56434 -0.35958093
56458 -0.40266356
56488 -0.34804052
56634 -1.0130166
56647 -0.57244945
56656 -0.10105428
56658 -0.3391885
56680 -0.39731345
56717 -1.0908304
56783 -0.70464814
56826 -0.06150315
56848 -0.05513908
56890 -0.7666216
56931 -0.53157175
57004 -0.16737159
57049 -0.1992306
57099 -0.30521658
57105 0.4026377
57115 -0.18993844
57128 -0.48574057
57145 -0.2646503
57196 -0.4555252
57213 -0.39050508
57254 -0.009415774
57282 -0.34584302
57292 -0.765872
57427 -0.49844235
57582 -0.1745336
57649 -0.44151196
57702 -0.76108193
57826 0.19013938
57832 -0.20097099
57895 -0.25087607
57900 -0.4008985
57940 0.21534824
58003 -0.0623982
58016 -0.48544788
58074 0.15098298
58077 -0.645324
58093 -0.47087526
58096 -0.15845913
58121 -0.62558526
58159 0.120465875
58188 -0.17788064
58244 -0.20201916
58278 -0.33480996
58308 -0.069591075
58330 -0.27290866
58363 -0.83445245
58418 -0.28794968
58550 0.75812525
58682 -0.31461778
58709 0.41486615
58724 -0.3202682
58732 0.35570046
58734 -0.4186987
58746 -0.3348446
58747 -0.3671006
58808 -0.47353193
58881 -0.34953505
58926 -0.81406385
58930 -0.18231028
58989 -0.92783976
58998 -0.1654493
59032 -0.18035477
59086 -0.056735374
59122 0.25875184
59154 -0.6396096
59210 -0.38227496
59216 -0.64162385
59268 -0.39624748
59465 -0.47705865
59474 0.043150526
59508 -0.5011705
59719 -0.18343307
59764 0.3409793
59853 -0.13779248
59930 -0.50330466
59945 0.29745558
59995 -0.508726
59997 -0.09293222
60031 -0.745729
60056 0.9786888
60059 -0.49255687
60167 0.522582
60249 -0.40922844
60265 0.34644458
60300 -0.21929349
60408 -0.51712555
60455 -0.43217707
60518 -0.2518706
60582 -0.38802564
60597 -0.42148992
60775 -0.067839205
60819 -0.26883715
60868 -0.43691844
60975 -0.3213055
61015 -0.61450356
61022 -0.68731904
61060 -0.25354403
61268 -0.4923284
61289 -0.013249644
61311 -0.5587831
61322 -0.43318844
61363 -0.42396373
61407 -0.5909095
61457 -0.4811549
61473 -0.88551146
61513 0.33657068
61514 -0.38242105
61520 -0.2277728
61543 -0.5528883
61552 0.3722225
61574 -0.9394533
61603 0.48995557
61643 -0.86984503
61652 -0.6376933
61677 -0.25376445
61774 0.39517042
61820 -0.71705014
61849 -0.28708357
61897 -0.6303256
61911 -0.4192011
62017 0.42734486
62077 -0.44906905
62107 -0.041566778
62149 -0.295324
62178 -0.15210086
62229 -0.55947024
62297 -0.43431172
62314 -0.43016854
62359 -0.19153143
62381 0.45133424
62395 -0.05132831
62453 -0.64125437
62470 0.22761685
62574 -0.4700999
62658 -0.37068138
62752 -0.3811701
62823 -0.7509261
62870 0.42932162
62873 -0.9321488
62927 -0.29423362
62966 -0.71398646
63035 0.507659
63057 -0.3931094
63184 -0.30255887
63193 -0.54730225
63202 -0.5219286
63222 0.3441903
63238 -0.206509
63297 -0.095485546
63385 -0.25473288
63512 -0.3171817
63547 -0.6439366
63610 -0.23147148
63749 -0.12591313
63902 -0.069347456
63960 0.46258825
64002 -0.42981413
64095 -0.88583785
64173 -0.87385386
64236 0.4600561
64310 -0.43097115
64311 -0.81183875
64312 0.8562827
64320 -0.09812649
64337 -0.21613769
64340 -0.71914196
64353 0.025447525
64483 -0.3721494
64487 -0.43681616
64603 -0.252019
64636 -0.59753597
64674 -0.4879523
64707 -0.59373677
64733 0.0036927648
64783 -0.5736779
64796 -0.55218583
64910 -0.6106456
64939 -0.52329963
65022 0.16882496
65062 -0.6686449
65075 -0.35237765
65347 -0.9995895
65420 0.2488899
65445 -0.66702753
65454 -0.40443748
65478 -0.03188113
65543 -0.46783748
65620 -0.7027849
65720 0.082011476
65740 1.1390171
65962 -0.20879072
65963 -0.4245519
65982 -0.13767923
66029 -0.42948416
66130 -0.53709155
66151 -0.5623538
66204 -0.2865273
66245 -0.29760605
66252 -0.1620689
66272 -0.87593377
66403 -0.4761681
66644 -0.13996312
66713 -0.76155746
66715 -0.60138345
66754 -0.078771695
66830 -0.6718585
66841 -0.5571836
66861 0.2485774
66922 -1.0730356
66940 -0.5764292
66993 -0.2969374
67022 -0.11452827
67074 -1.2610112
67116 0.2125532
67128 -0.8379315
67129 -0.44667703
67147 -0.12213535
67170 -0.57859474
67192 0.6792274
67193 -0.7464821
67225 0.08876829
67227 -0.6432573
67230 -0.33173272
67275 -0.2241168
67300 -0.14604428
67323 0.53329676
67451 -0.9056458
67693 -0.5779427
67698 -0.67278916
67718 -0.7341372
67737 -0.52978224
67873 -1.0494123
67907 -0.7586375
68000 -1.1134778
68007 -0.7380905
68093 1.07145
68124 -0.48259443
68159 -0.39430794
68174 -0.043205414
68191 -0.57266474
68279 -0.5942625
68361 -0.30460858
68397 -0.2871094
68494 -0.2755145
68510 0.77997667
68647 -0.40819362
68650 -0.22057779
68684 -0.79263896
68703 -0.51258016
68783 -0.5414721
68813 -1.0026021
68895 -0.443016
68902 -0.7449783
68904 0.0087610325
68924 -0.6897247
68974 -0.08447606
69021 -0.6628668
69045 -0.5621364
69139 -0.85652244
69142 -0.6301556
69228 -0.38040015
69246 -0.59440356
69282 -0.43720692
69335 -0.87009996
69345 -0.7669645
69364 -0.44401973
69503 -0.30469012
69647 -0.8222733
69656 -0.38259828
69693 -0.704734
69797 0.5135375
69818 -0.28230608
69848 -0.10926109
69934 -0.79613006
69937 -0.23476306
69956 -0.49917668
69998 -0.5706956
70022 -0.5111741
70042 -0.39501238
70080 -0.5626054
70149 -1.1879319
70173 -0.78019667
70189 -0.4502046
70247 -0.49833822
70255 -0.27850094
70278 -0.39578435
70310 -0.33639437
70319 -0.0614673
70338 -0.40839952
70353 0.12775233
70439 0.7258555
70471 -0.22075231
70607 -0.44603103
70722 -0.4182032
70732 -1.264124
70737 -0.5929263
70744 -0.42272344
70795 -0.10094374
70803 -0.58046484
70857 -0.730374
70889 -0.41812706
70907 -0.15182275
70940 -0.7015987
70954 -0.27580082
70993 0.003066472
71055 -0.39018306
71099 0.12172457
71273 -0.5747998
71285 -0.99676037
71481 -0.6423794
71506 -0.036505435
71507 0.2661441
71585 -0.33934748
71622 -0.7102131
71733 0.09028214
71740 -0.5285381
71745 -0.5804903
71753 -0.54174244
71774 -0.5358408
71784 -0.2451177
71799 0.07123886
71918 -0.6669891
72034 -0.41416013
72064 -0.7075294
72184 1.2671902
72258 -1.2042434
72336 0.3910596
72347 -0.67660004
72373 -0.71396667
72667 -0.26233572
72777 -0.021215467
72846 -0.8374038
72872 -0.715696
72985 -0.76545554
73025 -0.6113766
73028 -0.22298251
73033 -0.19227421
73049 -0.2981758
73067 -1.8263583
73086 -1.0317031
73146 -0.9150013
73162 -0.38035065
73198 -0.77089614
73294 -0.34359846
73349 0.33734897
73401 -0.6800578
73409 0.08970075
73414 -0.85875684
73415 -0.7162745
73423 -0.6606746
73577 -0.073576614
73716 -0.19169982
73792 -0.56808823
73809 -0.07972771
73812 0.009712111
73908 -0.59693736
73911 -0.37644383
73935 -0.6029052
73941 -0.37773818
74038 -0.19126259
74043 0.06583303
74153 -0.69851923
74276 -0.42199627
74324 -0.22762822
74378 -0.77592593
74408 -0.6912484
74424 0.24170178
74442 -0.42976257
74443 -0.21223177
74478 0.15220837
74662 -0.89301866
74776 -0.4449096
74781 0.033797108
74785 -0.48976102
74788 -0.33781457
74793 -0.6328857
74797 0.7909336
74839 -0.41292518
74932 -0.34030628
74982 -0.25895938
75067 -0.54276097
75078 -1.0981308
75134 -0.56226397
75209 -0.8051222
75251 0.22397931
75272 -0.65414995
75273 -0.83777386
75282 -0.45384067
75287 -0.40611833
75327 -0.82698005
75342 -0.5546743
75361 -0.36664417
75374 0.71943915
75415 -0.020635733
75427 0.08666198
75461 -0.83903694
75525 -0.008749998
75602 -0.30143565
75672 0.35433853
75689 -0.2527043
75762 -0.5086929
75763 -0.3382661
75832 -0.6658792
75840 -0.63696593
75858 -0.34721345
75875 -0.6121541
75991 -0.55254453
76210 -0.6983093
76240 -0.33346573
76303 -0.90290314
76313 -0.6614504
76316 -0.62883824
76368 -0.7475945
76482 -0.06492427
76495 -0.78274685
76529 -0.8600388
76531 -0.47392973
76543 -0.15510467
76563 0.08947897
76593 -0.40473697
76609 -0.6501936
76626 -0.032305945
76638 -0.5747128
76711 0.04015817
76743 -0.5855505
76759 -0.9884077
76916 -0.75800484
76935 -0.18105361
76949 -0.4029235
76968 -0.8305458
76982 -1.1779954
77027 -0.86715925
77040 -0.671928
77051 -0.6959391
77077 -0.6941608
77085 -0.2063634
77106 -0.016778903
77125 -0.18767919
77140 -0.5458006
77202 -0.31382018
77303 -0.3437641
77339 -0.022442821
77343 -0.17224766
77374 1.1973643
77469 -0.8362581
77498 -0.311234
77513 -0.7954714
77580 -0.13200067
77596 -0.284729
77608 -0.9693462
77639 -0.900845
77705 -0.6239279
77773 -0.22879508
77833 0.011317094
77855 0.36801067
77873 -0.81430495
77901 -1.256149
78006 -0.55473155
78243 -0.59367394
78296 0.19503242
78322 -0.18441449
78338 -0.39335003
78383 -0.5681919
78407 -0.350517
78485 -0.17776582
78513 -0.60849565
78518 -0.153328
78574 -0.26546696
78694 -0.7990511
78695 -0.4484008
78768 -0.78059137
78804 -0.71236026
78848 0.00029630878
78915 -0.253908
78944 -0.06307355
79023 -0.65739393
79130 -0.39237687
79170 -0.15562542
79223 -0.326961
79245 -0.7601429
79365 -0.6218683
79462 -0.3452427
79463 -0.78719836
79497 -0.4360586
79547 -0.3168635
79565 -1.0850828
79576 -0.36413082
79678 -0.4695223
79810 -0.7343573
79903 -0.4269814
80052 -0.017841123
80147 0.31165078
80182 0.054372173
80310 -0.39774615
80343 -0.41388
80360 -0.06863002
80401 -0.13816583
80510 -0.51689905
80519 -0.48796317
80528 -0.33162028
80573 -0.25960368
80623 -0.35363007
80629 -0.432751
80739 -1.0063012
80892 -0.5876985
80910 -0.5561003
80954 -0.34025702
81206 -0.5017563
81262 0.50141746
81276 -0.86624414
81301 0.046559654
81305 -0.18578853
81374 -0.19894502
81596 -0.07096516
81624 -0.90022063
81777 0.15911701
81779 -0.5602579
81814 -0.5733589
81836 -0.2570985
81927 -0.23592359
81930 0.4271818
81983 -0.113417186
82249 -0.89765483
82275 -0.60628307
82286 -0.49514228
82338 -0.59975135
82346 -0.66851795
82461 -0.8046973
82464 -0.5256912
82475 -0.89890367
82595 -0.8394035
82646 -0.6348185
82657 1.1510218
82700 -0.72086334
82705 -0.5006274
82738 -0.75717056
82768 -0.41333812
82812 -0.39353877
82848 0.08647246
82886 0.6748293
82942 -0.66673726
82978 -0.17889975
82980 -0.026261602
83012 -0.59905225
83048 -0.46047702
83091 -0.42994288
83294 -0.5332358
83326 -0.62219435
83375 0.12900205
83385 -1.0680505
83394 0.07572375
83419 -0.08349453
83438 -0.14258936
83640 -1.3479264
83706 -0.6494418
83791 -0.8390165
83827 -0.42292526
83858 -0.38257053
83874 0.39833942
83894 -0.15677881
83967 -0.6602025
84057 0.30421823
84159 -0.69991416
84183 -0.5374906
84239 0.96979874
84246 -0.31749237
84310 -0.25423324
84312 0.5572521
84383 0.5622054
84503 -0.84215814
84570 -0.4539652
84799 0.47221065
84830 0.2820994
84860 -0.61106324
84908 -0.31453687
84927 0.8054449
84954 -0.54843825
84991 -0.28353965
84997 -0.6255399
85042 0.25823116
85176 -0.37218913
85191 -0.5346665
85252 -0.4773016
85255 -0.710378
85260 -0.74352014
85288 -0.32131284
85358 -0.45840892
85371 0.85417765
85391 -0.82019573
85420 0.25478125
85495 -0.2203086
85571 1.0367097
85663 -0.9475298
85936 0.44494998
85982 0.3244322
86031 -0.111908756
86141 -0.53136563
86201 0.85572886
86265 -0.28567904
86367 -0.27439973
86423 -0.3417447
86444 -0.67003757
86447 -0.5080902
86465 -0.110580646
86579 -0.61439544
86761 -0.63434315
86822 0.5943978
86867 -0.3928907
86869 -0.09956943
86898 -0.4847817
86970 -0.061486676
86984 -0.37168884
87080 -0.8124045
87139 -0.61366963
87184 -0.380522
87202 -0.21758811
87237 -0.26080322
87267 -0.76208603
87284 -0.5872638
87292 -0.008168439
87335 -1.0984958
87336 -0.8587695
87532 -0.13222711
87617 0.47781003
87654 -0.029618062
87698 -0.7649175
87709 -0.20194903
87719 -0.38180333
87771 -0.33962086
87800 -0.3599651
87874 -0.2097737
87934 -0.71463865
87953 0.14580593
87960 -0.8123352
87969 -0.3137371
87978 0.34261638
87979 1.1813878
87998 -0.54268855
88079 -0.7834676
88096 -0.754234
88137 -0.70551217
88154 0.089423925
88215 -0.6741194
88260 -0.31733298
88345 0.22826652
88363 -0.08093637
88383 -0.54024744
88410 -0.42628232
88567 0.16324891
88659 0.1647443
88662 -0.4423029
88703 -0.7144058
88745 -0.5204277
88853 -0.7441221
88915 -0.38123864
88941 -0.48303446
88950 -0.58781385
89062 -0.7153071
89092 -0.8588366
89113 -0.021471422
89181 -0.5764109
89226 0.30754173
89287 -0.15664063
89422 -0.6917367
89467 0.33037117
89480 -0.9750931
89502 -0.4860619
89549 1.0007086
89643 0.23898783
89827 0.3037168
89901 -0.27371126
89927 -0.5490721
89940 -0.33005917
89951 -0.58616894
90081 -0.7921739
90114 -0.5453234
90150 0.30539522
90215 -0.071743146
90259 -0.66941
90312 -0.39018983
90537 -0.046453018
90580 -0.3686284
90603 -0.5051455
90608 -0.5028227
90772 -0.26597473
90843 -0.45849296
90900 -1.0619233
90913 -0.14767464
91010 0.06282479
91109 0.10296702
91175 -0.5889862
91254 -0.40100127
91272 -0.69785595
91276 -0.3804572
91492 -0.6740893
91496 0.09384364
91521 -0.2765438
91551 -0.57956177
91711 -0.755378
91739 -0.17164607
91840 -0.3302236
91874 -0.4226717
91883 0.89426255
91977 -0.3502471
92051 -0.5456636
92059 -0.4365967
92209 -0.4826068
92279 -0.46169505
92339 -1.034174
92358 0.688709
92428 -0.46656162
92531 -0.7506218
92542 -0.079484515
92546 -0.14336646
92725 -0.5484073
92961 -0.33628646
92964 -0.5423727
93036 -0.8394067
93191 -0.18417983
93204 -0.27588254
93379 -0.29779106
93398 -0.42124462
93515 -0.33975038
93633 -0.44935086
93702 -0.5328519
93782 -0.182783
93815 -0.33227143
93882 -0.6553158
93908 -0.10332017
93919 -0.44373858
94045 -0.5889614
94133 -0.44824457
94227 -0.3485982
94249 -0.33459416
94309 0.594805
94323 -0.67287123
94341 -0.71643406
94397 -0.37635094
94438 0.19997437
94499 0.7765343
94512 -0.7018093
94582 -0.44293752
94687 -0.6018006
94691 -0.47478542
94723 1.3581586
94725 -0.5788097
94812 -0.10145241
94887 -0.66400415
94921 -0.5396858
94987 -0.30035612
95009 -1.1590886
95049 -0.5172222
95143 -0.53588474
95251 -0.10797285
95256 -0.126876
95333 0.017616086
95392 -0.23287918
95393 -0.0008568025
95532 -0.48655653
95546 -0.5419237
95555 -0.55262995
95569 -0.36234152
95611 -0.5479648
95631 -0.32752067
95704 -0.6827756
95711 -0.19156253
95799 -0.2991781
95809 -0.6854682
95840 -0.8164949
95905 -0.31434968
96001 -0.12574501
96021 -0.7773103
96023 -0.44335726
96052 -0.45424256
96059 -0.13535953
96067 0.7793309
96147 -0.12269921
96285 -0.42168555
96313 -0.06894483
96323 -0.62081975
96389 0.52630574
96499 -0.6116212
96579 -0.35313982
96611 -0.17730372
96646 -0.29951692
96763 0.14464074
96843 -0.7140335
96866 -0.89916295
96971 -0.6627604
96997 -0.76641816
97209 -0.027427945
97324 -0.32351333
97346 -0.6836832
97473 -0.8458323
97539 -0.2495136
97584 -0.41306847
97585 -0.39884812
97622 -0.7871866
97652 0.05470832
97660 -0.2410816
97742 -0.3953483
97774 -0.48573387
97836 -0.1862181
97845 -0.44089553
97895 -0.18608972
98075 -0.4079482
98095 -0.6952433
98124 -0.20131354
98210 -0.42792377
98235 -0.23729366
98315 -0.39452568
98331 -0.4021126
98336 0.098644495
98431 0.18797028
98472 -0.62895876
98473 -0.15311071
98645 0.14583927
98661 -0.2230581
98667 -0.957779
98701 0.25677314
98706 0.30641478
98708 -0.30495238
98709 -0.1531977
98782 -0.49978718
98793 -0.42916337
98821 -0.64959997
98836 -0.59388804
98926 -0.6807216
98931 0.18236579
98969 0.25036532
98970 -0.6038951
99108 -0.33439308
99166 -0.48128232
99178 -0.058473144
99193 -0.23931576
99236 -0.4437737
99268 -0.50128984
99319 -0.3985617
99372 0.5366996
99381 -0.2723368
99440 -0.7468468
99464 0.3794731
99476 -0.64615285
99522 -0.75646883
99592 -0.44282272
99595 0.31459904
99612 -0.7216963
99637 -0.15352832
99671 -0.39392895
99714 -0.4605431
99748 -0.42127213
99766 -0.5325043
99826 -0.13104773
99838 -0.68437666
99846 -0.9088313
99936 -0.6476421
99953 -0.75476927
99993 -0.30016032
100107 -0.8357338
100276 -0.78495246
100291 -0.23316757
100299 -0.5393536
100300 -0.6203891
100309 -0.5947014
100346 -0.2601979
100405 -0.4599836
100417 -0.24270435
100426 0.21604013
100506 -0.2721879
100534 0.09294118
100594 -0.39414024
100790 -0.75385535
100833 -0.737004
100904 -0.83827037
100958 -0.37024614
100974 0.25404325
100995 -0.44759244
101040 -0.11021391
101045 0.18140686
101054 -0.27003828
101061 -0.7179511
101063 -0.8452547
101066 -0.5896243
101126 0.036417637
101226 -0.6048488
101258 0.023132265
101457 -0.7277373
101471 -0.6493136
101501 -1.0044613
101598 -0.5049563
101625 -0.5003025
101903 -0.50095767
101915 -0.57095563
101917 -0.34422562
101955 -0.20170839
102054 0.0147504
102070 -0.29010427
102109 -0.3593636
102129 0.37893915
102234 -0.3937082
102291 -0.47372243
102348 -0.61178887
102439 -0.22702298
102462 -0.84204054
102470 -0.822364
102531 0.7733136
102545 -0.8897463
102585 -0.22292474
102599 -0.59829825
102611 -0.47523734
102634 -0.6415356
102675 -0.590319
102678 -0.60928625
102679 -0.20474577
102702 -0.033355244
102751 -0.060026433
102935 -0.3940073
103058 -0.0878093
103072 -0.22994483
103082 -0.101670995
103122 -0.5862814
103215 -0.7161129
103284 -0.6271536
103428 0.47020134
103516 0.0317089
103618 -0.7374865
103623 -0.36395362
103630 -0.48360923
103663 -0.89179397
103766 0.5383041
103800 0.10759068
103869 -0.42957044
103881 -0.8041033
103907 -0.27474743
103965 -0.47361752
104160 -0.637412
104215 -0.31996152
104264 -0.09728751
104492 -0.5881981
104584 0.22752035
104712 -0.21766692
104817 -0.502743
104835 0.20820192
104896 -0.53891605
105016 0.32851124
105027 -0.80547994
105099 -0.42475772
105209 -0.4656643
105236 -0.43288475
105329 -0.6844757
105361 -0.37966165
105440 -0.18473934
105518 -0.6528913
105560 0.0963077
105568 -0.13260852
105639 -0.8008233
105993 -0.15078741
105997 -0.7681091
106111 0.980709
106152 -0.62974894
106177 -0.06846507
106195 -1.1094177
106263 -0.44557905
106283 -0.906824
106291 -0.2786717
106411 -0.3012626
106423 0.91224957
106487 -0.34785318
106673 -0.25526464
106699 -0.21390109
106709 -0.4266976
106749 -0.5521695
106847 -0.5005092
106895 -0.4229335
106960 -0.24144447
106983 -0.41477904
106992 -0.33600157
107108 -0.48626304
107115 -0.30762237
107183 -0.6684155
107216 -0.60190815
107259 -0.30032367
107266 -0.49943227
107318 -0.6471353
107466 -0.54743886
107571 -0.79949635
107600 0.04772736
107643 -0.22966069
107645 -0.60775155
107662 -0.693187
107718 -0.2830748
107737 0.98792934
107768 -0.48447147
107814 -0.8886269
107894 -0.5649638
107903 -0.28090858
107991 -0.6366621
108010 -0.6732962
108107 -0.6785248
108183 -0.18090823
108238 -0.56585634
108451 -0.8861049
108461 -0.51673025
108648 -0.6841423
108693 -0.31777376
108757 0.66137624
108905 -0.98012996
108914 0.3412509
108929 -0.9488066
109014 0.2720313
109084 -0.64301425
109109 -0.049950223
109142 -1.1943189
109162 -0.81564623
109256 -0.512743
109508 -0.3499948
109529 -0.09879989
109541 -0.28208324
109554 0.31612682
109748 -0.799722
109839 -0.4400301
109905 0.017861288
109912 -0.45230624
109976 -0.87641066
110077 -0.65361136
110118 -0.4334085
110241 -0.31765807
110415 -0.22545663
110458 -0.094730206
110517 -0.7277319
110590 0.052115653
110852 -0.37854436
110870 -0.15737635
110876 -0.20165308
111027 0.66043305
111097 -0.77145976
111164 -0.44002587
111176 -0.55522674
111250 -0.2670112
111353 0.61201406
111483 -0.33640817
111724 -0.55595464
111860 -1.0170233
111940 0.48630545
111968 -0.30632564
111995 -0.81746197
112117 -0.82300603
112158 -0.29092476
112382 0.059719462
112386 0.19989842
112411 0.33806393
112498 -0.043246314
112851 -0.27147448
113082 -0.14956021
113104 -0.8197064
113140 -0.89809746
113267 -0.67108554
113279 -0.040335298
113309 -0.2702111
113316 -1.045219
113423 -0.60168093
113474 0.48312888
113485 0.049287908
113512 -0.7964515
113514 -0.44815075
113548 -0.12763578
113632 -0.6846142
113636 0.026038779
113679 -0.2536961
113699 -0.18260011
113700 -0.40592426
113701 0.04301816
113702 -0.09558944
113716 -0.46914956
113803 0.22679581
113851 -0.57997406
113913 -0.52624077
113928 -0.40599135
113933 -0.11636889
114059 -0.6720164
114153 0.007384849
114162 -0.5651053
114166 -0.506568
114182 -0.66597754
114209 -0.42261487
114368 -0.5821216
114381 -0.48113415
114461 -0.5355264
114481 0.30280703
114594 -0.35275823
114609 -0.4968018
114643 1.1122274
114676 -0.37212735
114685 -0.25063488
114733 -0.1548247
114804 -0.7102619
114823 -0.4941161
114941 -0.5203788
114960 -0.9564195
114961 -0.6116792
114980 -0.6974273
115004 0.21548307
115021 -0.20255849
115027 -0.30421498
115028 -0.012059983
115057 -0.90864545
115090 -0.31220886
115114 -0.28508523
115118 -0.89597195
115129 0.25291714
115150 -0.56333506
115153 -0.10191004
115156 -0.112793
115162 -0.3640928
115173 -0.10870862
115186 -0.17762193
115188 -0.11119069
115193 -0.43614033
115263 -0.5264025
115264 -0.8763256
115271 0.011453654
115314 -0.29386196
115326 -0.4438022
115341 -1.0836703
115344 -0.6327771
115356 -0.3686659
115389 -0.44457895
115396 -0.69054985
115436 -0.12608741
115468 -0.26245672
115489 0.6582137
115544 -0.32552987
115602 -0.205043
115643 -0.031115938
115675 0.18398303
115707 0.1242526
115717 0.6655736
115745 -0.5422015
115747 -0.40390575
115748 -0.6602024
115752 0.39556006
115754 -0.6965187
115771 -0.8011807
115815 -0.636094
115823 -0.10126455
115869 -0.54788804
115877 -0.07394066
115905 -0.3866228
115926 -0.6373146
116037 -0.32354477
116094 -0.088190116
116113 0.61544394
116123 -0.58140475
116131 -0.72652185
116157 -0.36358914
116187 -0.299388
116231 -0.7822772
116233 -0.7142457
116237 -0.040081922
116264 -0.2259752
116359 -0.57998544
116378 -0.67557293
116383 0.46250358
116384 -0.9539612
116452 -0.056867894
116457 -0.2487292
116458 -0.6140024
116506 -0.8640556
116572 -0.39609525
116583 -0.25508347
116592 -0.41004205
116599 -0.9408221
116602 -0.6191633
116739 -0.6426012
116756 0.48966166
116878 -0.9971512
116883 -0.22204721
116921 -0.29526055
116959 -0.38954988
116967 0.026407024
116970 -0.54307985
117023 -0.5672274
117140 0.24418218
117151 -0.2616678
117190 0.62740755
117209 -0.2487146
117217 -0.27244332
117234 -0.43302327
117242 -0.36016604
117260 -0.09475375
117268 -0.31658414
117289 -0.5320412
117299 -0.4537082
117303 -0.83135086
117325 -0.8861156
117434 -0.29689398
117549 -0.57280344
117557 -0.5636702
117570 0.24849834
117612 -0.1856451
117636 -0.24208969
117676 -0.59973
117680 -0.43117914
117832 -0.66591835
117854 -0.29914665
117875 -0.23779047
117937 -0.06508342
117966 -0.63726497
118038 -0.52700454
118071 -0.06696682
118074 -0.652999
118146 -0.43652448
118180 -1.2448872
118206 0.45094138
118243 -0.4235199
118259 -0.78900945
118272 -0.36214247
118316 -0.23555556
118332 -0.7239002
118386 0.63882875
118412 -0.35685453
118458 0.4042727
118476 1.1709199
118490 0.5468954
118501 -0.3641175
118578 -0.08047157
118594 -0.6524586
118599 -0.11469403
118690 -0.49501476
118718 -0.20973727
118722 -0.25964475
118753 -0.7518995
118766 -0.33156824
118857 0.2233062
118924 -0.4982577
118966 -0.50601846
118974 -0.5850606
119011 -0.44902968
119024 -0.5676045
119027 -0.3478166
119048 -0.97732097
119147 -0.7451722
119197 -0.21047562
119330 -0.06924087
119335 -0.51987654
119376 -0.3541844
119483 -0.92898124
119504 -0.30208403
119509 0.3260413
119534 -0.4805794
119563 -0.107998565
119644 -0.54475576
119653 -0.49054873
119688 -0.1482465
119770 1.0879846
119775 -0.89243925
119870 0.06009859
119910 -0.46146715
119947 -0.90818703
120115 0.82852644
120120 0.02816923
120256 0.20299424
120289 -0.623701
120331 -0.469033
120347 -0.6888569
120491 -0.096482195
120526 -0.59554076
120589 -0.013597913
120595 -0.36972088
120601 -0.6162683
120627 0.09888846
120748 0.45099202
120755 -0.76138824
120761 0.2667011
120905 -0.17620413
120932 -0.2985036
120955 0.1527493
121062 -0.7748486
121186 -0.8706277
121215 -0.3665996
121279 -0.35957155
121285 0.86926
121361 -0.7077507
121373 0.51533335
121477 -0.5396461
121516 -0.45573384
121626 -0.37473527
121627 0.405994
121638 -0.5767616
121649 -0.6614355
121652 -0.7883594
121678 0.3985355
121787 0.4869856
121842 0.35034388
121851 -0.6882067
121852 -0.35856402
121917 -0.37454066
121969 -0.35130975
122064 -0.10618105
122119 -0.2503076
122214 -0.23071744
122273 -0.54132855
122286 -0.3311059
122390 -0.18763039
122418 -0.48977053
122425 -0.48299235
122729 0.8437199
122732 -0.8725085
122822 -0.51785403
122967 -0.18046199
122987 0.06327098
123053 -0.07964428
123055 -0.1322583
123104 -0.10087246
123160 0.13170537
123324 -0.23036635
123370 -0.34609103
123432 -0.24122
123468 -0.31852755
123511 -0.32693246
123765 -0.17376953
123868 -0.26045915
123991 -0.5854796
123992 -0.28448507
124050 -0.78431964
124107 -0.75291425
124193 -0.02517677
124225 -0.16545258
124245 -0.747955
124291 -0.53450775
124365 -0.37087902
124535 0.81419504
124709 -0.6469395
124793 0.7036221
124859 -0.3522535
124875 -0.25871325
124906 -0.6370791
124937 -0.6943417
124974 -0.3907119
125047 -0.5926635
125095 -0.24989069
125223 -0.31429118
125295 -0.5887193
125310 -0.62355494
125429 -0.27764848
125658 -0.2068301
125725 -0.13063084
125734 -0.45209435
125847 0.6660469
125889 -0.008069006
125969 -0.80914724
125988 -0.2721276
126006 -0.6288494
126179 -0.3535519
126184 -0.02880126
126259 -0.45911536
126348 -0.14367855
126363 0.7686494
126486 -0.504639
126565 -0.86369383
126612 -0.9563783
126626 -1.011604
126751 -0.33291578
126877 -1.5159361
126907 -0.932762
127085 -0.49323785
127150 -0.015999302
127167 -0.89599836
127184 -0.36618537
127285 -0.28525245
127369 -0.56925064
127392 -1.0339452
127413 -0.6642535
127506 -0.60696155
127677 -0.4273854
127739 -0.19716749
127786 1.2692744
127843 -0.9533328
127867 -0.42539826
127945 -0.48343688
127948 -0.5516784
127950 -0.49695614
128000 -0.8889741
128028 -0.90255374
128102 -0.45874235
128145 -0.6600944
128146 -0.5339175
128148 0.08589012
128208 -0.8112516
128464 -0.33685428
128476 -0.22876005
128619 0.28477433
128633 0.04699166
128685 -0.7483833
128743 -0.7094375
128790 -0.019844806
128791 -0.40491804
128829 -0.7289099
128916 -0.460731
128949 -0.5748334
129206 -0.6785702
129217 -0.65456
129270 -0.9212113
129303 -0.2516665
129314 -0.32061523
129356 -0.20757212
129386 -0.8132404
129421 0.16897963
129463 -0.5584942
129486 0.11762471
129520 -0.29034027
129620 -0.7577652
129624 -0.38114008
129666 -0.6003679
129838 -0.78226566
129923 0.37052184
129985 -0.16225512
130036 0.11667667
130094 0.49829414
130188 -0.030622074
130195 -0.40269753
130225 -0.4297442
130256 -1.0924628
130290 -0.7514449
130313 -0.14795026
130372 -0.53834915
130516 -0.3550449
130555 0.05397866
130766 -0.56098473
130797 -0.7249308
131006 -0.18055946
131168 -0.8657745
131188 -0.26318282
131197 -0.13182274
131283 -0.33678815
131373 0.39696148
131397 -0.79342926
131483 -0.4111737
131558 -0.29403317
131559 -1.0972931
131560 0.264559
131565 -0.09179832
131602 -0.16176528
131658 -0.2716356
131813 -0.25498444
131834 -0.46396527
131849 -0.31793803
131923 -0.5063243
131962 -0.50266033
131999 -1.1526159
132012 -0.52083606
132025 -0.36942527
132093 -0.060899943
132109 -0.450235
132227 -0.19372243
132280 -0.43456054
132289 -0.51851404
132327 -0.1463276
132355 -0.19170026
132418 -0.26954708
132459 -0.43526462
132513 -0.39096588
132864 0.60372204
132872 -0.47126296
132905 -0.7821468
132921 0.6515504
132930 -0.8001256
133336 -0.13163337
133441 -0.4816153
133690 -0.41145867
133776 -1.0248619
133779 -0.66188884
133844 -0.669898
133964 -0.311867
134024 -0.18138868
134216 0.00312989
134257 -0.48098287
134368 -0.60360044
134893 -0.151926
134960 0.032457124
135007 -0.45617506
135173 -0.5396791
135191 -0.4955528
135267 -0.46925995
135302 -0.7716393
135360 -0.40978423
135420 0.2583004
135455 0.90962493
135456 1.2573963
135520 -0.30095834
135579 -0.6557702
135589 -0.38385603
135663 -0.8430955
135914 0.02533553
135937 -0.82084346
135975 -0.54038584
135980 -0.31508026
135983 -0.27490008
136024 -0.030862309
136031 -0.3153132
136102 -0.6342253
136127 -0.67006713
136169 -0.6270983
136172 -0.14539942
136261 -0.54106504
136265 -0.43267274
136282 -0.8440733
136286 -0.40904036
136367 -0.282329
136396 -0.7556766
136400 -0.42218474
136564 -0.5933207
136584 -0.79583716
136603 -0.12873316
136660 0.2166631
136699 -0.5081597
136717 -0.12175679
136744 -0.34295535
136771 -0.8718769
136842 -0.2658852
136869 -0.3877691
136897 -0.36091498
136990 -1.0110917
137004 -0.5761062
137045 1.0091109
137108 0.027565844
137360 -0.40615556
137392 -0.35815394
137430 -0.84943885
137494 -0.22776257
137542 -0.51143044
137656 -0.03238411
137836 0.065336995
138034 -0.92836666
138057 -0.3321921
138111 -0.52714443
138118 -1.0553019
138166 -0.5887003
138191 -0.8391808
138233 -0.11359392
138253 -0.34365356
138334 -0.67666453
138354 -0.70891666
138370 -0.34529594
138403 0.51937306
138479 -0.48935547
138524 -0.42403224
138643 -0.011534752
138675 -0.28486043
138780 -0.33150902
138791 -0.5687271
138812 -0.3303443
138817 0.6306002
139025 -0.6267509
139165 -0.74294734
139228 -0.44214112
139328 -0.4581786
139392 -0.7242066
139427 -0.48561123
139920 -0.31730336
139930 1.1090307
139969 0.600366
140121 -0.45500368
140122 -0.4273251
140127 -0.5219195
140180 -0.18496734
140255 -0.7636645
140258 -0.15966971
140398 0.7813427
140404 -0.20831071
140512 -0.15657598
140592 -0.58458775
140601 -0.79534036
140640 -0.61671704
140649 -0.6156776
140713 -0.3664541
140760 -0.19284785
140846 0.68341076
140887 -0.7890713
140957 -0.4790476
141088 -0.2794978
141132 -0.33040324
141163 -0.10097457
141191 -0.1844111
141235 0.6161796
141258 -0.9172916
141280 -0.019776044
141347 -0.47818446
141480 -0.48432487
141497 -0.5352245
141524 -0.36905771
141595 -0.5131584
141753 -0.58877915
141759 0.5035232
141777 -0.3518822
141931 -0.75455284
142008 -0.84888893
142212 -0.3685586
142266 -1.0905857
142338 -1.0666509
142396 -0.54971105
142494 -0.19147684
142496 -0.5426137
142692 -0.5593154
142715 -0.22870244
142898 -0.99553055
142954 0.3853513
142975 -0.4671918
143196 -0.12900256
143222 -0.78045297
143283 -0.41944566
143379 -0.60548544
143398 -0.43817788
143401 -0.27199703
143559 -0.9996047
143589 0.7443032
144259 -0.38340655
144338 -0.30904967
144347 -0.0040897103
144407 -0.014396827
144543 -0.33531475
144559 -0.15533496
144653 -0.58290637
144801 0.27971652
144963 -1.1183313
145203 -0.60430586
145214 -0.20144233
145349 -0.10608311
145401 0.53884214
145578 -0.5453725
145584 -0.11006403
145681 -0.2891782
145706 0.16533749
145734 -0.008414239
145921 -0.3658654
145952 -0.5660072
145959 -0.73528844
146002 -0.47795084
146054 -0.43691882
146059 -0.63008785
146239 -0.35064623
146361 -0.21504408
146387 -0.45691556
146415 -0.36167738
146473 0.09095225
146531 -0.38789326
146566 -0.7806788
146588 -0.27191424
146628 -0.05374595
146755 -0.51188874
146758 -0.28862354
146832 -0.354584
146920 -0.47455135
146936 -0.22462998
146991 1.2400299
147049 -0.6482351
147079 -0.39645728
147126 -0.3362924
147134 -0.24172196
147228 -0.14481047
147233 -0.71667904
147238 0.47905552
147342 -0.57367396
147352 0.44556162
147434 -0.5131467
147511 -0.8304552
147512 -0.68670076
147604 -0.5643815
147657 -0.8725345
147956 0.79576236
148059 -0.096827954
148074 -0.71575975
148262 -0.4113647
148297 -0.54774386
148348 -0.4257176
148532 -0.6780071
148538 -0.42246708
148556 0.26513806
148594 -0.031714067
148660 -0.33433244
148742 -0.4973322
148747 -0.90188026
148751 -0.82279664
148792 -0.3354171
148857 0.14363919
149004 -0.29782096
149126 -0.84904695
149141 0.22792569
149155 -0.3680768
149300 -0.74296206
149315 0.09867643
149402 -0.2369727
149593 -0.3788972
149629 -0.25708136
149928 -0.11432286
149961 -0.7712913
150016 -0.34661078
150046 -1.0091615
150061 -0.94922686
150259 -0.2936902
150271 0.77275544
150518 -0.24945936
150683 -0.49672124
150776 -0.6983069
150789 -0.9442961
151044 0.630583
151061 -0.5710701
151126 0.055797435
151175 0.10560687
151229 0.29225928
151278 -1.0020939
151291 -0.56841165
151408 0.06775205
151483 0.26601568
151515 -0.8408667
151522 0.058742933
151551 -0.6457829
151597 -0.4720198
151602 -0.3663342
151622 -0.018538317
151635 -0.9201155
151652 -0.49932054
151742 -0.29881802
151779 -0.26326355
151929 -0.19036631
152127 -0.4194754
152405 0.19964917
152422 -0.38277608
152531 -0.67794025
152532 -0.563972
152548 -0.27160233
152649 1.0432178
152702 -0.5831891
152888 -0.4062599
152901 -0.5661307
152942 -0.13998505
152947 -0.5730128
152960 0.6807433
152977 -0.5157004
152986 -0.56733096
153002 -0.39172298
153079 -0.22413841
153083 -0.60715073
153135 -0.7353157
153175 0.040547855
153182 -0.094453126
153342 -0.47406062
153469 0.9596317
153474 -0.67605996
153549 -0.5429332
153647 -1.0321913
153663 -0.83185226
153694 -0.2699087
153698 -0.40471864
153745 -0.5907031
153747 -0.54584455
153760 -0.009190631
153789 -0.4112074
153796 -0.724751
153804 -0.8932801
153865 -0.29049012
153884 -0.7765771
153895 -0.6612385
153905 -0.20104593
153926 -0.360385
153929 -0.36042765
154008 0.16375995
154034 0.57925284
154038 -0.2698963
154091 -0.6958562
154121 -0.47275758
154157 -0.007354464
154161 -0.34769854
154174 -0.26320186
154179 -0.14128157
154199 -0.009149954
154213 0.048563797
154231 0.2963144
154243 -0.27519628
154375 -0.63022757
154432 -0.0107051255
154447 -0.9322709
154456 -0.61984664
154506 0.7044828
154518 -0.42044276
154531 -0.5677706
154582 -0.3313483
154631 -0.43128774
154658 -1.0015153
154665 -0.4464173
154708 -0.14462082
154879 -0.5669617
154883 0.8859603
154914 0.016869389
154964 -1.300693
154969 -0.5472146
155031 -1.0717057
155109 0.91039485
155118 -0.5034584
155189 -0.25902078
155253 0.98070157
155276 -0.51582915
155294 -0.27279532
155329 -0.86108464
155353 0.23917715
155368 -0.10284549
155369 -0.38553357
155371 -0.73273695
155381 -0.28391665
155537 -0.27481854
155578 -0.83185613
155580 -0.15356599
155626 -0.4868893
155668 -0.13365193
155671 -0.45318907
155698 -0.004078527
155713 -0.52585137
155775 -0.8688818
155797 -1.0582794
155800 -0.63080096
155804 -0.30126452
155906 -0.3748581
155972 -1.0472023
156010 -0.35085234
156037 -0.6922251
156061 -0.8098295
156175 -0.50759035
156203 -0.5584629
156222 -0.9365238
156325 -0.2629624
156357 -0.094019435
156378 -0.26857507
156381 0.37436748
156421 0.40446943
156444 -0.64591706
156460 -0.14966153
156480 -0.8477872
156486 -0.4701686
156570 -0.306728
156627 -0.83782756
156733 -0.98379433
156736 -0.15615527
156750 0.08968031
156792 -0.8083839
156817 0.09113345
157027 -0.37037048
157028 -0.8682593
157098 -0.24539563
157205 0.6688034
157215 -0.75915825
157226 -0.86467785
157232 0.18355513
157244 -0.68710244
157390 -0.11807681
157401 -0.60556954
157664 0.102230184
157670 -0.93791354
157839 0.08619414
157847 -0.82638395
157868 -0.7482028
157882 0.058779445
157905 -0.1339143
157906 -0.32504776
157907 -0.48219326
157913 -0.38181567
157927 -0.84094036
157971 -0.5494169
157981 0.16929322
158051 -1.0319276
158171 -0.0058694957
158197 -0.4689417
158215 -0.5283832
158222 -0.15187967
158227 -0.53475875
158240 -0.6672562
158248 1.0650767
158253 -0.030048575
158265 -0.55081105
158277 -0.8252139
158284 -0.5452717
158300 -0.40635192
158367 0.011087847
158381 -0.30887538
158404 0.45443538
158421 -0.18536922
158447 -0.22540483
158476 0.021127187
158491 -0.41175312
158492 -0.21631232
158551 -0.8555027
158587 -0.15174735
158599 -0.17170739
158618 -1.3902997
158637 -0.6335554
158662 -0.63417596
158664 -0.70522255
158673 -0.18018818
158711 -0.36651176
158713 0.592886
158764 -0.666501
158781 -0.48509628
158787 -0.17294553
158792 -0.41269457
158795 -0.7495679
158834 -0.8003885
158880 -0.13026997
158946 -0.7888715
159005 0.91780317
159010 -0.17735553
159035 -0.6239205
159067 -1.1281205
159126 -0.94675416
159158 -0.3668876
159163 -0.5504786
159218 -0.31440437
159340 -1.0941705
159362 0.96212584
159389 -0.18119137
159417 0.22460361
159422 -0.78300714
159480 -0.80581135
159481 -0.2732098
159491 0.11493809
159498 -0.16571622
159507 0.94583684
159532 -0.43157226
159546 0.061914325
159569 0.8251061
159577 1.1248479
159586 -0.9337826
159713 -0.3445831
159716 -0.79291046
159717 -0.6711351
159724 -0.80644464
159727 -0.40214697
159802 -0.93706983
159848 -0.6209946
159878 -0.018861296
159915 -0.7189405
159921 -1.0717452
159927 0.34034118
159957 -0.6029492
160001 -0.10672647
160054 -0.5299027
160081 -0.34454396
160092 0.17537525
160093 0.60563636
160095 0.5759293
160123 -0.015076183
160170 -0.7937043
160313 -0.1825006
160341 -0.21188961
160390 -0.48731637
160395 -0.39599907
160404 -0.9010659
160436 -0.38070813
160444 0.3215443
160446 -0.29360735
160469 -1.0289749
160487 -0.25062156
160501 0.18978094
160517 -0.17985225
160520 -0.5293762
160620 -0.28755307
160698 -0.30277038
160708 -0.008591731
160724 -0.8187552
160725 0.0113346595
160741 -0.06230847
160755 0.13349381
160821 -0.23617756
160831 -0.6258625
160840 -0.8560401
160894 -0.7944378
160951 -0.05263918
160960 -0.8608618
161058 -0.62848115
161137 0.0497653
161140 -0.77210647
161144 -0.094297476
