0 177
1 1501
2 2357
3 106
3 338
3 1501
4 1501
5 106
6 1055
6 1554
7 12
8 1501
9 1501
10 1501
11 12
12 14
12 19
12 30
12 35
12 41
12 42
12 44
12 47
12 56
12 57
12 60
12 62
12 75
12 76
12 85
12 92
12 94
12 101
12 112
12 116
12 119
12 121
12 126
12 134
12 139
12 156
12 161
12 164
12 166
12 169
12 170
12 189
12 194
12 196
12 197
12 203
12 204
12 209
12 211
12 214
12 219
12 227
12 230
12 231
12 233
12 240
12 244
12 246
12 248
12 259
12 294
12 299
12 302
12 309
12 313
12 317
12 318
12 326
12 332
12 340
12 343
12 345
12 351
12 353
12 354
12 356
12 357
12 358
12 361
12 367
12 371
12 372
12 374
12 378
12 380
12 381
12 385
12 393
12 402
12 408
12 411
12 412
12 417
12 420
12 425
12 426
12 427
12 435
12 437
12 438
12 442
12 451
12 452
12 454
12 456
12 458
12 459
12 464
12 467
12 468
12 469
12 483
12 490
12 496
12 498
12 500
12 511
12 513
12 516
12 517
12 520
12 527
12 531
12 541
12 546
12 552
12 558
12 561
12 564
12 565
12 571
12 573
12 574
12 588
12 589
12 593
12 596
12 599
12 600
12 601
12 602
12 603
12 608
12 616
12 618
12 622
12 623
12 625
12 627
12 631
12 635
12 637
12 650
12 652
12 659
12 663
12 666
12 671
12 680
12 686
12 688
12 689
12 692
12 694
12 695
12 698
12 701
12 706
12 711
12 712
12 713
12 714
12 715
12 716
12 719
12 721
12 724
12 729
12 736
12 741
12 745
12 751
12 752
12 759
12 761
12 764
12 769
12 772
12 775
12 777
12 781
12 783
12 786
12 794
12 795
12 798
12 811
12 816
12 819
12 823
12 825
12 830
12 835
12 837
12 842
12 853
12 854
12 860
12 865
12 867
12 872
12 874
12 875
12 879
12 880
12 881
12 882
12 890
12 893
12 894
12 895
12 898
12 908
12 911
12 916
12 918
12 922
12 926
12 930
12 937
12 939
12 941
12 943
12 949
12 954
12 959
12 960
12 963
12 969
12 972
12 979
12 983
12 984
12 986
12 996
12 1004
12 1013
12 1022
12 1029
12 1031
12 1034
12 1037
12 1038
12 1040
12 1043
12 1045
12 1047
12 1048
12 1051
12 1054
12 1058
12 1060
12 1061
12 1065
12 1066
12 1073
12 1074
12 1075
12 1081
12 1084
12 1085
12 1086
12 1088
12 1089
12 1097
12 1103
12 1125
12 1126
12 1131
12 1133
12 1138
12 1140
12 1144
12 1146
12 1147
12 1148
12 1154
12 1155
12 1157
12 1159
12 1163
12 1164
12 1169
12 1172
12 1180
12 1181
12 1186
12 1187
12 1206
12 1208
12 1211
12 1212
12 1234
12 1242
12 1243
12 1248
12 1250
12 1259
12 1261
12 1262
12 1267
12 1269
12 1276
12 1277
12 1278
12 1279
12 1281
12 1286
12 1299
12 1302
12 1305
12 1318
12 1324
12 1327
12 1329
12 1334
12 1339
12 1344
12 1353
12 1358
12 1359
12 1360
12 1379
12 1384
12 1387
12 1403
12 1408
12 1411
12 1413
12 1414
12 1415
12 1422
12 1423
12 1428
12 1436
12 1437
12 1444
12 1447
12 1451
12 1464
12 1466
12 1469
12 1471
12 1474
12 1477
12 1481
12 1483
12 1485
12 1489
12 1492
12 1498
12 1502
12 1505
12 1511
12 1514
12 1518
12 1524
12 1529
12 1530
12 1532
12 1533
12 1535
12 1538
12 1540
12 1541
12 1546
12 1562
12 1567
12 1568
12 1569
12 1571
12 1574
12 1577
12 1579
12 1588
12 1590
12 1591
12 1596
12 1613
12 1614
12 1617
12 1621
12 1627
12 1639
12 1646
12 1649
12 1652
12 1655
12 1658
12 1660
12 1664
12 1667
12 1668
12 1669
12 1670
12 1671
12 1677
12 1683
12 1696
12 1697
12 1711
12 1713
12 1715
12 1716
12 1718
12 1720
12 1724
12 1727
12 1730
12 1731
12 1732
12 1740
12 1741
12 1742
12 1743
12 1749
12 1758
12 1764
12 1769
12 1770
12 1776
12 1779
12 1783
12 1792
12 1793
12 1794
12 1795
12 1799
12 1801
12 1803
12 1809
12 1817
12 1827
12 1828
12 1829
12 1831
12 1837
12 1839
12 1841
12 1843
12 1844
12 1846
12 1847
12 1856
12 1857
12 1859
12 1860
12 1865
12 1867
12 1871
12 1873
12 1874
12 1875
12 1876
12 1878
12 1880
12 1882
12 1883
12 1885
12 1887
12 1889
12 1894
12 1895
12 1899
12 1900
12 1903
12 1913
12 1918
12 1930
12 1937
12 1938
12 1939
12 1943
12 1945
12 1947
12 1951
12 1953
12 1960
12 1962
12 1965
12 1968
12 1969
12 1970
12 1972
12 1976
12 1978
12 1980
12 1981
12 1984
12 1985
12 1986
12 1988
12 1997
12 1998
12 2003
12 2005
12 2010
12 2011
12 2013
12 2015
12 2020
12 2023
12 2028
12 2031
12 2033
12 2035
12 2036
12 2041
12 2042
12 2048
12 2052
12 2054
12 2058
12 2059
12 2062
12 2076
12 2078
12 2079
12 2080
12 2081
12 2082
12 2083
12 2086
12 2089
12 2090
12 2091
12 2095
12 2096
12 2099
12 2113
12 2119
12 2121
12 2123
12 2125
12 2127
12 2132
12 2135
12 2136
12 2137
12 2138
12 2139
12 2143
12 2148
12 2151
12 2152
12 2159
12 2168
12 2169
12 2177
12 2194
12 2197
12 2198
12 2200
12 2205
12 2207
12 2209
12 2214
12 2219
12 2234
12 2235
12 2237
12 2241
12 2242
12 2243
12 2250
12 2252
12 2257
12 2262
12 2266
12 2268
12 2272
12 2280
12 2282
12 2287
12 2289
12 2300
12 2307
12 2309
12 2311
12 2312
12 2313
12 2317
12 2318
12 2319
12 2327
12 2328
12 2331
12 2334
12 2337
12 2341
12 2342
12 2344
12 2346
12 2351
12 2354
12 2355
12 2358
12 2367
12 2377
12 2381
12 2383
12 2384
12 2386
12 2387
12 2388
12 2389
12 2390
12 2391
12 2394
12 2398
12 2400
12 2403
12 2406
12 2409
12 2422
12 2428
12 2431
12 2442
12 2448
12 2449
12 2450
12 2451
12 2457
12 2466
12 2469
12 2471
12 2472
12 2474
12 2478
12 2481
12 2487
12 2488
12 2489
12 2493
12 2497
12 2508
12 2513
12 2515
12 2517
12 2518
12 2521
12 2526
12 2528
12 2529
12 2532
12 2534
12 2537
12 2541
12 2546
12 2554
12 2559
12 2566
12 2568
12 2569
12 2571
12 2573
12 2575
12 2579
12 2581
12 2582
12 2583
12 2587
12 2589
12 2595
12 2596
12 2598
12 2599
12 2601
12 2602
12 2608
12 2613
12 2615
12 2625
12 2626
12 2634
12 2637
12 2639
12 2649
12 2652
12 2655
12 2659
12 2660
12 2664
12 2665
12 2670
12 2671
12 2672
12 2674
12 2677
12 2679
12 2684
12 2685
12 2688
12 2699
12 2701
12 2706
12 2709
12 2715
12 2719
12 2720
12 2721
12 2722
12 2723
12 2726
12 2730
12 2731
12 2732
12 2733
12 2736
12 2739
12 2741
12 2742
12 2743
12 2746
12 2752
12 2755
12 2763
12 2764
12 2767
12 2768
12 2771
12 2775
12 2778
12 2783
12 2784
12 2787
12 2788
12 2792
12 2796
12 2800
12 2801
12 2803
12 2809
12 2810
12 2819
12 2827
12 2828
12 2829
12 2830
12 2833
12 2835
12 2837
12 2838
12 2839
12 2842
12 2843
12 2846
12 2852
12 2854
12 2855
12 2860
12 2862
12 2863
12 2868
12 2870
12 2874
12 2878
12 2882
12 2888
12 2900
12 2901
12 2904
12 2905
12 2912
12 2913
12 2917
12 2918
12 2920
12 2921
12 2923
12 2925
12 2927
12 2932
12 2935
12 2942
12 2944
12 2954
12 2955
12 2960
12 2966
12 2967
12 2970
12 2971
12 2974
12 2986
12 2989
12 2993
12 2996
12 2997
12 3008
12 3009
12 3010
12 3011
12 3013
12 3017
12 3020
12 3023
12 3024
12 3027
12 3034
12 3036
12 3044
12 3048
12 3049
12 3051
12 3053
12 3054
12 3057
12 3058
12 3059
12 3062
12 3064
12 3066
12 3068
12 3070
12 3071
12 3072
12 3079
12 3091
12 3092
12 3093
12 3094
12 3095
12 3096
12 3098
12 3102
12 3104
12 3106
12 3112
12 3114
12 3116
12 3125
12 3129
12 3131
12 3134
12 3135
12 3136
12 3138
12 3139
12 3143
12 3148
12 3151
12 3152
12 3158
12 3163
12 3165
12 3172
12 3176
12 3178
12 3182
12 3184
12 3188
12 3193
12 3201
12 3208
12 3211
12 3215
12 3216
12 3217
12 3218
12 3230
12 3233
12 3235
12 3238
12 3244
12 3249
12 3253
12 3256
12 3257
12 3259
12 3264
12 3265
12 3270
12 3272
12 3276
12 3278
12 3280
12 3281
12 3284
12 3285
12 3294
12 3296
12 3307
12 3311
12 3312
12 3314
12 3320
12 3322
12 3324
12 3327
12 3329
12 3331
12 3333
12 3334
12 3337
12 3338
12 3340
12 3343
12 3344
12 3347
12 3362
12 3372
12 3374
12 3375
12 3379
12 3383
12 3386
12 3388
12 3400
12 3402
12 3403
12 3406
12 3407
12 3418
12 3419
12 3420
12 3426
12 3427
12 3431
12 3433
12 3435
12 3438
12 3441
12 3443
12 3446
12 3453
12 3455
12 3456
12 3457
12 3460
12 3463
12 3465
12 3471
12 3484
12 3491
12 3493
12 3505
12 3509
12 3511
12 3521
12 3528
12 3531
12 3533
12 3537
12 3538
12 3542
12 3545
12 3554
12 3555
12 3557
12 3558
12 3560
12 3565
12 3567
12 3569
12 3572
12 3575
12 3578
12 3584
12 3585
12 3590
12 3593
12 3599
12 3603
12 3604
12 3606
12 3609
12 3610
12 3621
12 3630
12 3637
12 3650
12 3655
12 3657
12 3659
12 3662
12 3673
12 3681
12 3701
12 3704
12 3716
12 3720
12 3728
12 3737
12 3744
12 3745
12 3746
12 3758
12 3769
12 3778
12 3779
12 3790
12 3794
12 3805
12 3807
12 3809
12 3812
12 3814
12 3817
12 3818
12 3822
12 3823
12 3835
12 3849
12 3854
12 3859
12 3875
12 3881
12 3882
12 3883
12 3884
12 3887
12 3888
12 3894
12 3903
12 3904
12 3905
12 3909
12 3913
12 3918
12 3920
12 3924
12 3925
12 3928
12 3934
12 3936
12 3942
12 3946
12 3957
12 3958
12 3960
12 3974
12 3978
12 3985
12 3986
12 3987
12 3991
12 3993
12 3994
12 3995
12 3997
12 3998
12 4011
12 4023
12 4025
12 4032
12 4034
12 4036
12 4038
12 4041
12 4044
12 4046
12 4049
12 4050
12 4057
12 4060
12 4062
12 4064
12 4066
12 4068
12 4070
12 4083
12 4090
12 4091
12 4096
12 4101
12 4106
12 4112
12 4113
12 4117
12 4118
12 4121
12 4128
12 4132
12 4136
12 4145
12 4158
12 4159
12 4170
12 4172
12 4177
12 4185
12 4199
12 4201
12 4205
12 4211
12 4212
12 4231
12 4232
12 4233
12 4234
12 4236
12 4237
12 4241
12 4250
12 4251
12 4257
12 4264
12 4265
12 4266
12 4267
12 4270
12 4273
12 4275
12 4278
12 4280
12 4287
12 4292
12 4297
12 4300
12 4301
12 4306
12 4307
12 4309
12 4317
12 4319
12 4322
12 4326
12 4327
12 4328
12 4330
12 4348
12 4350
12 4352
12 4361
12 4364
12 4367
12 4368
12 4370
12 4375
12 4377
12 4387
12 4388
12 4389
12 4397
12 4408
12 4413
12 4415
12 4416
12 4424
12 4429
12 4437
12 4440
12 4441
12 4443
12 4444
12 4445
12 4447
12 4450
12 4453
12 4454
12 4455
12 4456
12 4459
12 4470
12 4473
12 4481
12 4482
12 4484
12 4485
12 4491
12 4492
12 4495
12 4497
12 4508
12 4510
12 4511
12 4519
12 4533
12 4536
12 4537
12 4540
12 4541
12 4542
12 4545
12 4546
12 4554
12 4557
12 4558
12 4570
12 4573
12 4575
12 4577
12 4578
12 4580
12 4587
12 4589
12 4595
12 4596
12 4597
12 4603
12 4611
12 4616
12 4617
12 4618
12 4621
12 4622
12 4626
12 4628
12 4633
12 4635
12 4638
12 4640
12 4642
12 4643
12 4645
12 4649
12 4650
12 4654
12 4660
12 4665
12 4667
12 4671
12 4675
12 4677
12 4681
12 4685
12 4693
12 4696
12 4698
12 4701
12 4702
12 4710
12 4716
12 4719
12 4720
12 4721
12 4726
12 4731
12 4735
12 4750
12 4751
12 4752
12 4753
12 4754
12 4755
12 4760
12 4776
12 4777
12 4778
12 4788
12 4790
12 4791
12 4797
12 4802
12 4806
12 4808
12 4810
12 4811
12 4812
12 4813
13 1192
15 1501
15 2712
16 26
17 718
18 1172
18 2663
18 2666
18 3830
19 1501
20 1063
21 1501
22 1002
23 1501
24 718
25 718
26 77
26 122
26 146
26 250
26 251
26 258
26 369
26 506
26 746
26 791
26 843
26 864
26 904
26 945
26 948
26 980
26 1313
26 1388
26 1537
26 1698
26 1745
26 1747
26 1753
26 1912
26 1977
26 2002
26 2016
26 2187
26 2315
26 2332
26 2468
26 2498
26 2539
26 2548
26 2551
26 2657
26 2798
26 2806
26 2899
26 3074
26 3080
26 3166
26 3197
26 3207
26 3227
26 3485
26 3517
26 3556
26 3592
26 3712
26 3734
26 3791
26 3911
26 3933
26 3941
26 3955
26 3963
26 4005
26 4089
26 4105
26 4155
26 4171
26 4209
26 4252
26 4378
26 4457
26 4515
26 4535
26 4548
26 4599
26 4625
26 4703
26 4709
26 4773
26 4789
27 1501
28 2369
29 1516
31 172
31 173
31 450
31 1338
31 2915
31 3019
31 3515
31 3597
31 3909
31 3984
31 4223
31 4243
31 4802
32 2712
33 718
33 1055
34 1501
36 718
36 1516
36 1763
37 1063
38 1501
39 1501
40 1501
43 2565
43 3464
44 1501
44 2712
45 1501
46 4031
48 1501
49 1501
50 106
51 91
51 457
51 734
51 1165
51 1281
51 2476
51 2896
51 2915
51 3587
51 3791
52 718
52 4204
53 2712
54 2712
55 718
58 4769
59 1501
60 338
61 1501
63 577
64 65
64 212
64 272
64 307
64 316
64 323
64 389
64 403
64 429
64 486
64 510
64 597
64 636
64 638
64 832
64 993
64 1184
64 1219
64 1307
64 1308
64 1351
64 1553
64 1701
64 1714
64 1804
64 1925
64 1991
64 2174
64 2247
64 2479
64 2644
64 2648
64 2680
64 2841
64 2899
64 3052
64 3580
64 3856
64 3900
64 3917
64 3933
64 3953
64 4105
64 4127
64 4247
64 4512
64 4673
64 4708
64 4758
64 4772
64 4804
66 718
67 1501
68 718
69 718
70 1277
71 1055
72 1501
73 718
74 2446
78 1501
79 1501
80 718
81 2712
82 718
83 2712
84 2712
85 1501
86 2446
87 718
88 1501
89 506
89 1063
89 4439
90 718
91 177
93 1501
95 3961
95 4035
96 1501
97 1501
98 2712
99 718
100 3587
100 3810
100 4659
101 2712
102 2357
103 718
103 1582
104 1501
105 1501
106 159
106 598
106 786
106 860
106 1227
106 1278
106 1320
106 1343
106 1501
106 1549
106 1571
106 1575
106 1652
106 1669
106 1795
106 1878
106 1911
106 1941
106 2064
106 2150
106 2205
106 2206
106 2298
106 2356
106 2364
106 2370
106 2375
106 2385
106 2478
106 2530
106 2575
106 2578
106 2580
106 2601
106 2712
106 2715
106 2740
106 2746
106 2750
106 2846
106 2855
106 2885
106 2898
106 2922
106 2996
106 3094
106 3143
106 3148
106 3217
106 3249
106 3285
106 3355
106 3369
106 3375
106 3441
106 3510
106 3576
106 3630
106 3657
106 3766
106 3823
106 3898
106 3959
106 3988
106 4044
106 4047
106 4062
106 4093
106 4094
106 4106
106 4167
106 4236
106 4363
106 4432
106 4437
106 4481
106 4487
106 4495
106 4525
106 4551
106 4586
106 4589
106 4595
106 4611
106 4617
106 4666
106 4741
106 4746
106 4784
107 2712
108 2712
109 338
110 1002
111 2078
111 2712
113 718
114 3501
115 2712
117 1063
118 1055
118 1763
118 3083
120 1461
121 1501
121 2712
123 718
123 1763
124 1501
125 2712
127 718
128 718
129 1501
130 208
130 901
131 2712
132 2712
133 1501
135 1501
136 443
137 718
138 1501
140 718
141 1063
142 718
142 1063
143 718
144 718
145 3644
145 4655
146 1516
146 3740
147 2712
148 1501
149 2117
150 718
150 957
150 2416
150 3047
150 3702
151 2712
152 177
153 718
154 1501
155 1501
157 1501
158 718
158 2570
158 3740
159 4472
160 436
162 338
163 2712
164 2712
165 1501
167 628
168 718
168 3961
170 1501
171 1501
174 1501
174 2712
175 718
176 4743
177 462
177 598
177 776
177 791
177 2725
177 2915
177 3023
177 3047
177 3155
177 3502
177 4012
177 4369
177 4433
177 4720
178 718
179 1501
180 2712
181 1063
182 718
183 718
183 723
183 1055
184 3482
184 4794
185 1055
186 3791
187 718
188 718
190 1516
191 1501
192 338
193 1501
195 1501
196 2712
197 1501
198 2446
199 1516
200 383
200 1684
200 2155
200 2953
201 338
202 2712
204 1501
205 1501
206 1501
207 3961
210 2446
210 2712
213 718
215 4374
216 3089
217 1063
218 1501
220 1501
221 2712
222 718
223 236
224 463
225 718
226 543
228 1501
229 998
229 1063
231 1501
232 1501
234 1501
234 2712
235 2584
236 1063
236 1316
236 2423
236 3111
236 3219
236 3234
236 3600
236 4213
236 4670
237 718
237 1763
238 1501
238 2712
238 3249
238 4560
239 718
241 2712
242 2446
243 2712
244 1277
245 3961
246 2712
247 2712
249 2712
252 1763
253 718
254 1055
255 718
256 718
257 1501
260 2712
261 718
262 1501
262 2357
263 2712
264 1230
265 718
265 1063
265 1369
265 4653
266 718
267 2527
268 1501
268 2712
269 1055
270 2712
271 718
273 2712
274 718
275 1002
276 3501
277 718
277 774
277 785
277 1217
277 1369
277 1432
277 1516
277 2146
277 2335
277 2584
277 2662
277 2867
277 3315
277 3614
277 3695
277 3808
277 4686
278 1501
279 1871
279 2709
280 1501
281 1501
282 718
283 3433
284 718
285 2712
286 1055
287 718
288 718
289 2712
290 1410
291 718
292 2320
292 2463
292 3792
292 4769
293 1063
295 718
296 2712
297 2712
298 1516
298 1763
299 1501
299 2712
300 1501
301 2712
303 1501
304 2712
305 1501
306 1277
306 1501
308 2712
310 2712
311 1501
311 2712
312 338
313 1501
314 718
315 1501
315 2712
319 4056
320 1063
321 4439
322 1501
322 2712
324 1501
325 2712
327 2712
328 2570
329 1209
329 2012
329 3695
330 718
331 1501
333 718
333 1063
333 4204
334 1501
334 2712
335 1055
336 2712
337 1501
337 2712
338 388
338 399
338 430
338 444
338 471
338 520
338 530
338 577
338 580
338 829
338 836
338 874
338 902
338 903
338 905
338 912
338 1039
338 1086
338 1101
338 1139
338 1179
338 1199
338 1260
338 1314
338 1350
338 1383
338 1429
338 1458
338 1480
338 1492
338 1494
338 1539
338 1583
338 1644
338 1662
338 1684
338 1734
338 1749
338 1780
338 1788
338 1823
338 1859
338 1898
338 1919
338 1950
338 1951
338 2014
338 2110
338 2185
338 2374
338 2499
338 2504
338 2547
338 2602
338 2672
338 2691
338 2696
338 2701
338 2715
338 2719
338 2738
338 2781
338 2809
338 2985
338 3001
338 3113
338 3171
338 3232
338 3292
338 3311
338 3342
338 3393
338 3420
338 3504
338 3566
338 3571
338 3623
338 3630
338 3636
338 3638
338 3645
338 3653
338 3669
338 3670
338 3728
338 3762
338 3807
338 3864
338 3877
338 3947
338 3964
338 3975
338 3988
338 4007
338 4019
338 4131
338 4194
338 4272
338 4290
338 4292
338 4304
338 4324
338 4333
338 4341
338 4379
338 4391
338 4465
338 4492
338 4582
338 4611
338 4629
338 4674
338 4707
338 4749
338 4750
338 4764
338 4780
338 4784
338 4786
338 4796
338 4801
339 1501
340 2712
341 1501
342 2712
344 1501
346 1501
346 2712
347 2764
348 718
349 718
350 718
350 4204
351 2446
352 1501
355 1501
355 4147
359 1501
360 2712
362 1501
363 718
363 4077
364 1501
365 1063
366 2712
368 1501
370 1501
371 1501
372 2712
373 1501
375 2712
376 1501
377 2712
379 2712
382 1501
383 1501
383 2446
383 2712
384 1501
385 1501
386 1501
387 1055
390 1002
391 718
392 718
394 718
394 2848
395 2712
396 1582
397 4054
398 1763
400 718
400 957
400 1063
400 1763
401 2712
404 619
404 2978
404 4386
405 2712
405 4301
406 718
406 1055
407 1404
408 1501
408 3457
409 1763
410 718
413 1501
414 2712
415 1501
416 1501
416 2712
417 1501
418 2712
419 3634
421 1501
422 2712
423 1277
424 2712
427 933
427 3004
428 1501
430 1501
431 2712
432 2067
432 3245
433 2712
434 2712
436 868
436 2754
436 3483
436 3983
436 4014
436 4031
439 718
439 1763
440 1461
441 2712
443 1055
443 3640
445 718
446 2712
447 718
448 718
449 1501
449 2556
452 2712
453 1501
455 2712
456 1501
460 718
461 2712
462 3266
465 2668
466 718
467 1501
467 4374
470 718
472 4501
473 1501
474 718
475 2712
476 2712
477 718
478 1063
479 1501
480 2712
481 718
482 718
484 718
485 2712
487 1501
487 2712
488 1501
489 1063
489 3506
491 718
492 1501
493 1582
493 3424
494 1501
495 1501
496 1501
496 2712
497 1501
499 1143
501 3961
502 4717
503 1501
504 718
505 2712
506 1223
506 1949
506 2574
506 3120
506 3503
506 3760
507 1501
507 2712
508 2712
509 2712
511 1277
511 1501
511 2712
512 3501
514 3083
515 3740
517 1501
517 2712
518 1501
519 2712
520 2357
520 2712
521 3661
522 2712
523 718
523 1063
524 718
524 1055
524 1369
524 1516
525 2712
526 1002
528 1055
529 1501
530 2712
532 3937
532 4175
533 718
534 1501
535 3501
536 2712
537 1501
538 1501
538 2712
539 2712
540 2712
542 718
543 587
543 642
543 788
543 913
543 2053
543 2629
543 2675
543 3587
543 4336
544 1002
545 2712
547 718
548 2712
549 1501
550 2712
551 2712
552 1501
552 2764
553 1501
554 1002
554 1063
555 718
556 718
557 718
558 1501
559 1002
560 718
562 718
563 1501
566 718
567 1516
567 3772
568 1501
569 1501
570 718
571 1277
572 1501
575 718
576 3501
577 961
577 1274
577 1341
577 2376
577 2583
577 2940
577 3267
577 4175
577 4525
578 1763
578 1924
578 2516
579 1501
581 718
582 1501
582 2712
583 2357
584 1501
584 2712
585 1501
586 1063
587 1002
590 718
591 1501
591 2485
592 2712
594 1501
595 1501
597 718
597 2446
598 1501
598 2712
599 1501
599 2712
602 1501
604 2712
605 1055
606 2712
607 2357
609 1002
610 1501
611 2446
611 2712
612 3448
612 4374
613 1501
614 718
615 4664
617 1501
617 2712
617 3457
617 3483
620 718
621 2514
622 2712
623 1501
623 2712
624 1002
626 1516
628 2564
628 3573
628 3654
628 4356
628 4642
628 4767
629 2078
629 3532
630 718
632 1501
633 2712
634 718
639 764
639 1053
639 1274
639 3089
639 4747
640 718
640 1063
641 718
642 1516
642 1892
642 3240
642 4323
643 2712
644 2712
645 1063
646 718
647 2357
648 790
648 1501
648 1833
648 2054
648 2313
649 1501
649 2712
651 1516
653 2446
654 1501
655 996
655 1084
655 3136
656 2712
656 2764
657 2435
658 1501
658 2712
660 1002
661 718
662 3086
664 2712
665 718
667 1501
667 2712
668 718
669 718
670 718
672 718
673 2357
674 1063
675 1501
676 2712
677 1763
678 4207
679 2712
680 2712
681 2446
682 1002
683 2712
684 3513
685 3961
687 1501
690 2446
690 2712
691 2712
693 2712
694 2712
695 781
695 987
695 4027
696 3167
697 1501
699 1230
700 2712
701 1501
702 1501
703 1501
704 718
705 2712
707 2446
708 4204
709 1055
710 2712
713 1501
716 1501
717 1501
718 727
718 740
718 749
718 757
718 758
718 760
718 762
718 771
718 793
718 809
718 813
718 824
718 831
718 834
718 843
718 849
718 856
718 873
718 886
718 920
718 932
718 938
718 942
718 948
718 956
718 964
718 965
718 992
718 994
718 995
718 1015
718 1020
718 1021
718 1026
718 1049
718 1052
718 1064
718 1070
718 1078
718 1080
718 1082
718 1091
718 1093
718 1104
718 1106
718 1107
718 1108
718 1109
718 1110
718 1115
718 1118
718 1123
718 1134
718 1151
718 1156
718 1158
718 1182
718 1191
718 1194
718 1197
718 1225
718 1228
718 1237
718 1238
718 1251
718 1252
718 1257
718 1268
718 1271
718 1280
718 1285
718 1287
718 1295
718 1296
718 1306
718 1308
718 1310
718 1312
718 1333
718 1338
718 1340
718 1354
718 1363
718 1380
718 1381
718 1390
718 1393
718 1394
718 1404
718 1416
718 1424
718 1427
718 1449
718 1450
718 1459
718 1467
718 1468
718 1472
718 1482
718 1486
718 1488
718 1493
718 1497
718 1503
718 1506
718 1509
718 1525
718 1527
718 1534
718 1542
718 1544
718 1547
718 1550
718 1552
718 1554
718 1573
718 1577
718 1584
718 1598
718 1599
718 1610
718 1612
718 1624
718 1634
718 1636
718 1640
718 1645
718 1648
718 1653
718 1661
718 1674
718 1682
718 1694
718 1701
718 1703
718 1705
718 1708
718 1717
718 1719
718 1722
718 1738
718 1739
718 1748
718 1752
718 1753
718 1763
718 1765
718 1772
718 1773
718 1782
718 1784
718 1790
718 1796
718 1797
718 1800
718 1808
718 1811
718 1816
718 1824
718 1848
718 1849
718 1850
718 1852
718 1855
718 1858
718 1861
718 1888
718 1901
718 1905
718 1906
718 1912
718 1915
718 1916
718 1917
718 1922
718 1929
718 1932
718 1946
718 1949
718 1955
718 1956
718 1957
718 1993
718 2000
718 2004
718 2026
718 2027
718 2037
718 2038
718 2043
718 2057
718 2063
718 2070
718 2071
718 2072
718 2074
718 2088
718 2092
718 2093
718 2097
718 2100
718 2104
718 2107
718 2111
718 2115
718 2118
718 2129
718 2133
718 2134
718 2141
718 2145
718 2146
718 2153
718 2156
718 2157
718 2158
718 2162
718 2166
718 2171
718 2173
718 2178
718 2179
718 2182
718 2183
718 2184
718 2187
718 2189
718 2202
718 2211
718 2217
718 2226
718 2227
718 2239
718 2245
718 2246
718 2247
718 2254
718 2277
718 2284
718 2285
718 2288
718 2290
718 2306
718 2310
718 2314
718 2321
718 2322
718 2326
718 2329
718 2338
718 2362
718 2393
718 2395
718 2397
718 2402
718 2420
718 2421
718 2437
718 2443
718 2444
718 2447
718 2453
718 2461
718 2467
718 2483
718 2490
718 2491
718 2509
718 2535
718 2539
718 2543
718 2551
718 2552
718 2553
718 2585
718 2591
718 2597
718 2600
718 2610
718 2620
718 2631
718 2633
718 2648
718 2653
718 2656
718 2662
718 2667
718 2675
718 2683
718 2700
718 2704
718 2710
718 2727
718 2729
718 2734
718 2758
718 2761
718 2766
718 2781
718 2789
718 2790
718 2791
718 2793
718 2797
718 2798
718 2807
718 2811
718 2813
718 2814
718 2821
718 2831
718 2840
718 2851
718 2856
718 2859
718 2869
718 2884
718 2890
718 2892
718 2893
718 2895
718 2896
718 2914
718 2928
718 2937
718 2943
718 2946
718 2952
718 2964
718 2968
718 2973
718 2976
718 2977
718 2991
718 2992
718 2998
718 3000
718 3006
718 3016
718 3018
718 3021
718 3025
718 3026
718 3028
718 3030
718 3031
718 3035
718 3039
718 3052
718 3055
718 3056
718 3063
718 3065
718 3077
718 3078
718 3084
718 3097
718 3100
718 3119
718 3147
718 3150
718 3161
718 3162
718 3169
718 3175
718 3177
718 3189
718 3190
718 3194
718 3196
718 3197
718 3210
718 3214
718 3221
718 3228
718 3237
718 3240
718 3269
718 3275
718 3290
718 3298
718 3299
718 3300
718 3301
718 3302
718 3308
718 3310
718 3313
718 3315
718 3319
718 3321
718 3326
718 3330
718 3356
718 3364
718 3365
718 3367
718 3370
718 3387
718 3389
718 3394
718 3396
718 3398
718 3421
718 3430
718 3450
718 3472
718 3478
718 3479
718 3488
718 3494
718 3500
718 3506
718 3514
718 3517
718 3518
718 3526
718 3541
718 3544
718 3550
718 3552
718 3553
718 3561
718 3568
718 3583
718 3586
718 3587
718 3598
718 3605
718 3608
718 3615
718 3617
718 3619
718 3620
718 3622
718 3627
718 3629
718 3632
718 3635
718 3641
718 3642
718 3646
718 3647
718 3649
718 3658
718 3665
718 3666
718 3672
718 3674
718 3675
718 3678
718 3685
718 3686
718 3705
718 3712
718 3717
718 3725
718 3731
718 3732
718 3733
718 3734
718 3736
718 3743
718 3754
718 3759
718 3761
718 3768
718 3773
718 3781
718 3784
718 3791
718 3796
718 3800
718 3802
718 3810
718 3813
718 3821
718 3826
718 3834
718 3837
718 3842
718 3844
718 3845
718 3850
718 3852
718 3858
718 3890
718 3896
718 3906
718 3907
718 3910
718 3911
718 3933
718 3941
718 3943
718 3948
718 3953
718 3955
718 3961
718 3966
718 3989
718 3990
718 4013
718 4033
718 4039
718 4040
718 4065
718 4067
718 4069
718 4074
718 4076
718 4078
718 4079
718 4085
718 4086
718 4089
718 4097
718 4100
718 4102
718 4126
718 4129
718 4135
718 4137
718 4140
718 4143
718 4155
718 4166
718 4182
718 4189
718 4195
718 4200
718 4204
718 4210
718 4215
718 4219
718 4228
718 4238
718 4242
718 4259
718 4260
718 4263
718 4269
718 4282
718 4283
718 4284
718 4285
718 4302
718 4310
718 4313
718 4325
718 4346
718 4365
718 4373
718 4385
718 4392
718 4396
718 4399
718 4402
718 4407
718 4417
718 4419
718 4427
718 4433
718 4463
718 4474
718 4488
718 4489
718 4496
718 4502
718 4513
718 4517
718 4520
718 4530
718 4531
718 4544
718 4549
718 4550
718 4555
718 4561
718 4563
718 4565
718 4567
718 4572
718 4581
718 4590
718 4592
718 4609
718 4614
718 4631
718 4632
718 4634
718 4639
718 4647
718 4655
718 4664
718 4672
718 4679
718 4682
718 4691
718 4695
718 4704
718 4711
718 4714
718 4724
718 4727
718 4732
718 4734
718 4737
718 4740
718 4745
718 4748
718 4769
718 4773
718 4779
718 4787
718 4809
720 1501
722 1063
725 2712
725 2764
726 2712
727 1063
727 3513
727 4056
728 2712
729 1501
730 1501
731 3457
732 2712
733 2712
735 2712
737 2712
738 1501
739 2712
742 1277
743 989
744 3640
745 1501
745 2712
747 2712
748 2712
750 2712
753 2712
754 2712
755 1501
756 1501
760 2588
763 2712
765 1063
766 1501
767 2357
768 1501
768 2712
770 1501
770 2712
773 2712
778 1501
779 1501
780 3961
781 1501
782 2712
784 1501
787 1501
789 1055
792 1501
793 1055
796 1501
796 2712
797 2712
799 1501
800 1404
801 2712
802 1501
803 1501
804 2712
805 2712
806 2712
807 2712
808 1516
810 1063
812 1501
814 1055
815 1501
817 1501
817 2712
818 3167
820 2712
821 2712
822 1971
822 3600
822 4763
826 2446
827 1501
828 2078
829 1501
833 4769
836 1501
838 1002
839 2712
840 2712
841 1501
842 1501
842 2446
842 2712
843 2668
844 2712
845 2712
846 2712
847 3961
848 4109
850 2712
851 1055
852 1501
855 1763
857 1501
858 1501
859 1063
859 1516
859 2445
861 1501
862 1501
862 2712
863 1516
865 1501
866 2712
869 2712
870 2712
871 1063
876 1501
877 1501
878 3961
882 3931
883 1763
884 1501
885 1501
887 1055
888 1122
889 2712
889 3457
891 2712
892 1501
892 2712
893 1404
893 1501
893 2712
893 4178
893 4374
893 4421
894 1501
895 2712
896 2712
897 2712
899 2712
900 1501
900 2712
906 4769
907 3513
908 2712
909 1592
910 2712
911 1501
911 2357
914 1501
915 1501
917 2712
919 1063
921 4683
922 1501
922 2764
923 1501
924 1763
925 1063
927 2712
928 3132
928 4062
929 2712
931 2712
932 1516
934 2712
935 4814
936 2712
938 1516
939 1501
939 2712
940 1501
944 1063
946 3513
947 1501
949 1501
949 2357
950 1516
951 2712
952 1501
953 1501
955 1501
957 1523
957 1757
957 1982
957 2067
957 2146
957 2799
957 3047
957 3177
957 3197
957 3271
957 3832
957 4071
957 4383
957 4460
957 4516
957 4690
957 4699
957 4723
958 2712
962 2712
966 2712
967 1763
968 1501
969 1501
969 2712
970 2357
970 2712
971 1063
973 1501
973 2712
974 2712
975 2712
976 1501
977 3961
978 2712
981 2712
982 2712
985 1501
988 1063
989 3354
989 3428
990 3501
991 1501
992 4056
996 1501
996 1521
997 1063
998 1733
998 2227
998 2345
998 2881
998 3459
998 3546
998 3767
998 4174
998 4181
998 4188
998 4658
999 1501
1000 2712
1001 4606
1002 1210
1002 1215
1002 1285
1002 1400
1002 1594
1002 1600
1002 1630
1002 2007
1002 2065
1002 2129
1002 2179
1002 2190
1002 2240
1002 2316
1002 2464
1002 2667
1002 2781
1002 2822
1002 3164
1002 3236
1002 3301
1002 3404
1002 3639
1002 3722
1002 3739
1002 3870
1002 4053
1002 4089
1002 4157
1002 4162
1002 4173
1002 4238
1002 4347
1002 4460
1002 4498
1002 4499
1003 1501
1005 1063
1006 2570
1007 2448
1007 3216
1008 2252
1009 1763
1010 1501
1011 4056
1012 2078
1014 2446
1015 1055
1016 2703
1017 2357
1018 1516
1019 1501
1023 1501
1024 1516
1025 1501
1026 1230
1026 1763
1026 4712
1027 2764
1028 1063
1029 1501
1030 2712
1032 2712
1033 1501
1035 1055
1035 3961
1036 1501
1036 2712
1040 1501
1041 2712
1042 1501
1044 1501
1046 4193
1050 1055
1055 1056
1055 1071
1055 1141
1055 1162
1055 1204
1055 1265
1055 1419
1055 1431
1055 1435
1055 1460
1055 1465
1055 1587
1055 1598
1055 1702
1055 1745
1055 1802
1055 1804
1055 1862
1055 1866
1055 1869
1055 1890
1055 1904
1055 1912
1055 1914
1055 1992
1055 2018
1055 2144
1055 2202
1055 2233
1055 2245
1055 2253
1055 2265
1055 2288
1055 2296
1055 2315
1055 2362
1055 2408
1055 2414
1055 2438
1055 2444
1055 2458
1055 2483
1055 2523
1055 2584
1055 2585
1055 2603
1055 2620
1055 2624
1055 2630
1055 2641
1055 2661
1055 2667
1055 2695
1055 2710
1055 2713
1055 2777
1055 2804
1055 2812
1055 2813
1055 2864
1055 2866
1055 2876
1055 2892
1055 2906
1055 2911
1055 2929
1055 2957
1055 2976
1055 3005
1055 3015
1055 3061
1055 3117
1055 3140
1055 3153
1055 3169
1055 3180
1055 3199
1055 3205
1055 3206
1055 3212
1055 3220
1055 3229
1055 3305
1055 3354
1055 3357
1055 3366
1055 3368
1055 3390
1055 3401
1055 3432
1055 3437
1055 3536
1055 3595
1055 3601
1055 3671
1055 3676
1055 3677
1055 3699
1055 3721
1055 3724
1055 3739
1055 3808
1055 3825
1055 3830
1055 3831
1055 3841
1055 3845
1055 3873
1055 4033
1055 4110
1055 4114
1055 4116
1055 4125
1055 4130
1055 4152
1055 4174
1055 4206
1055 4215
1055 4229
1055 4248
1055 4256
1055 4259
1055 4294
1055 4295
1055 4305
1055 4320
1055 4342
1055 4417
1055 4423
1055 4458
1055 4468
1055 4475
1055 4488
1055 4499
1055 4526
1055 4539
1055 4547
1055 4563
1055 4598
1055 4607
1055 4619
1055 4680
1055 4683
1055 4712
1055 4739
1055 4781
1055 4805
1057 2712
1059 1404
1061 1501
1061 2712
1062 1501
1063 1177
1063 1190
1063 1203
1063 1217
1063 1295
1063 1297
1063 1304
1063 1336
1063 1349
1063 1375
1063 1431
1063 1435
1063 1439
1063 1493
1063 1504
1063 1526
1063 1554
1063 1598
1063 1633
1063 1733
1063 1737
1063 1745
1063 1777
1063 1836
1063 1877
1063 1879
1063 1946
1063 1949
1063 1967
1063 2047
1063 2140
1063 2163
1063 2212
1063 2227
1063 2372
1063 2468
1063 2494
1063 2501
1063 2539
1063 2548
1063 2553
1063 2584
1063 2606
1063 2609
1063 2640
1063 2735
1063 2745
1063 2761
1063 2883
1063 2887
1063 2891
1063 2892
1063 2930
1063 2936
1063 2950
1063 2952
1063 2975
1063 2982
1063 2995
1063 3002
1063 3019
1063 3039
1063 3122
1063 3145
1063 3154
1063 3162
1063 3199
1063 3204
1063 3234
1063 3376
1063 3380
1063 3411
1063 3423
1063 3454
1063 3459
1063 3523
1063 3596
1063 3613
1063 3631
1063 3635
1063 3660
1063 3677
1063 3715
1063 3721
1063 3734
1063 3748
1063 3770
1063 3785
1063 3787
1063 3791
1063 3808
1063 3829
1063 3870
1063 3907
1063 3919
1063 3953
1063 4000
1063 4029
1063 4095
1063 4124
1063 4142
1063 4180
1063 4213
1063 4217
1063 4218
1063 4239
1063 4242
1063 4255
1063 4308
1063 4314
1063 4334
1063 4381
1063 4390
1063 4402
1063 4422
1063 4433
1063 4436
1063 4452
1063 4466
1063 4493
1063 4548
1063 4563
1063 4564
1063 4571
1063 4579
1063 4625
1063 4651
1063 4662
1063 4773
1065 2712
1066 1501
1066 2712
1066 4374
1067 2712
1068 2712
1069 1501
1072 1501
1073 2712
1076 3501
1077 1501
1078 1516
1079 1501
1081 2712
1083 2848
1083 3712
1083 3791
1084 1501
1084 2712
1084 3355
1086 1501
1087 1501
1090 1501
1092 1763
1093 2527
1094 2446
1094 2712
1095 4439
1096 3083
1098 2527
1099 1501
1100 2712
1102 1501
1105 2371
1111 1230
1111 3513
1112 2712
1113 1592
1114 1501
1116 2712
1117 1501
1119 2712
1120 2712
1121 2712
1122 1231
1122 1501
1122 2269
1122 3507
1122 4447
1124 1501
1127 1501
1128 2357
1129 3482
1130 1501
1132 4652
1135 2712
1136 2712
1137 1501
1142 2712
1145 1501
1145 3457
1146 1501
1149 1501
1150 1501
1151 3167
1152 1561
1153 1337
1153 1760
1153 2133
1153 2165
1153 2590
1153 3027
1153 3261
1155 2712
1159 2712
1160 1501
1161 4652
1162 1763
1162 4204
1164 1501
1166 2712
1167 1501
1168 1516
1170 2712
1171 4490
1172 2269
1173 2712
1174 2712
1175 1501
1176 2764
1178 1501
1183 2712
1184 3513
1185 1807
1188 2712
1189 1501
1193 2764
1195 1501
1195 2764
1196 2712
1197 1516
1198 3083
1200 1501
1201 2485
1202 2588
1205 1410
1205 1582
1205 2707
1205 3015
1205 3482
1205 4794
1207 1501
1207 2712
1212 4684
1213 1501
1214 1501
1216 1501
1217 3574
1218 1501
1220 3083
1221 1501
1222 1501
1224 2712
1226 2712
1226 4576
1227 1501
1229 1501
1230 1249
1230 1468
1230 1516
1230 1755
1230 1759
1230 2122
1230 2146
1230 2808
1230 2894
1230 2980
1230 3015
1230 3060
1230 3109
1230 3115
1230 3183
1230 3236
1230 3241
1230 3262
1230 3391
1230 3671
1230 3702
1230 3708
1230 3756
1230 3837
1230 3885
1230 3929
1230 4058
1230 4119
1230 4258
1230 4298
1230 4338
1230 4353
1230 4360
1230 4411
1230 4439
1230 4669
1230 4687
1230 4736
1230 4773
1232 3457
1233 1516
1234 1501
1234 2712
1235 1501
1236 1501
1239 2357
1240 2712
1241 2712
1242 1501
1242 3507
1242 4421
1244 2983
1245 1516
1246 2712
1247 4653
1253 4756
1254 1501
1255 2712
1256 1763
1258 3083
1259 1501
1259 2712
1263 2712
1264 3740
1266 1501
1267 2712
1269 1501
1269 2357
1269 2712
1270 2712
1272 2712
1273 2712
1274 1501
1275 1501
1276 2712
1277 1323
1277 1501
1277 1693
1277 1948
1277 2432
1277 2475
1277 2554
1277 2762
1277 2830
1277 2910
1277 2934
1277 3114
1277 3160
1277 3256
1277 3266
1277 3343
1277 3383
1277 3427
1277 3690
1277 3707
1277 3799
1277 3899
1277 3939
1277 4010
1277 4060
1277 4063
1277 4784
1278 1501
1278 2357
1278 2712
1281 1501
1281 2446
1281 4031
1282 1501
1283 1973
1283 4147
1284 1501
1286 2712
1288 4031
1289 2712
1290 1501
1291 2712
1292 2712
1293 2712
1294 2712
1297 1410
1297 3961
1298 2527
1300 1501
1300 2712
1301 2712
1302 1501
1303 1501
1309 1516
1311 2712
1312 1401
1312 1763
1315 2078
1317 1501
1318 1501
1319 1501
1320 1501
1321 1501
1322 1501
1325 2446
1326 1501
1327 1501
1327 2712
1327 3457
1328 2078
1330 2712
1331 4769
1332 2712
1332 3457
1333 1582
1333 3191
1333 3513
1335 1501
1338 1516
1339 2712
1342 1501
1343 1501
1345 2712
1346 4504
1347 2712
1348 1501
1351 1763
1352 4031
1355 1501
1356 1501
1357 1763
1361 2712
1362 2712
1364 2712
1365 1501
1366 1515
1367 1501
1368 2712
1369 3514
1369 4192
1370 2570
1371 1501
1372 4374
1373 1501
1374 1501
1375 1516
1375 3961
1376 1501
1377 1521
1378 1501
1382 4354
1385 2712
1386 1501
1386 2078
1389 3961
1390 1516
1390 4431
1391 2712
1392 1501
1394 1634
1394 2712
1395 2712
1396 4374
1397 2764
1398 1501
1399 1501
1402 2712
1404 2085
1404 2249
1404 2490
1405 1501
1406 2712
1407 1501
1408 1501
1408 2712
1409 1516
1410 2133
1410 2218
1410 2858
1410 3410
1410 3489
1410 3933
1410 4105
1412 1763
1415 2712
1417 1501
1418 1501
1419 3961
1420 4056
1421 1501
1425 2712
1426 1501
1427 2446
1428 2712
1430 1501
1433 1501
1434 1501
1437 1501
1438 2712
1440 2712
1441 2712
1442 2712
1443 2712
1444 2712
1445 2712
1446 1501
1448 2712
1452 1516
1453 2712
1454 4031
1455 1501
1456 2712
1457 1501
1457 2712
1461 2369
1461 3500
1462 1501
1463 1501
1466 1501
1466 2712
1468 3961
1468 4653
1470 1516
1473 2712
1475 3457
1476 1501
1478 2712
1479 2712
1481 1501
1482 3961
1484 1501
1487 1501
1490 1501
1491 1501
1492 1501
1492 4374
1493 4653
1494 1501
1495 4648
1496 1501
1499 3634
1500 4056
1501 1505
1501 1510
1501 1512
1501 1522
1501 1531
1501 1536
1501 1541
1501 1545
1501 1548
1501 1549
1501 1556
1501 1557
1501 1558
1501 1560
1501 1564
1501 1566
1501 1568
1501 1575
1501 1578
1501 1581
1501 1583
1501 1595
1501 1597
1501 1602
1501 1603
1501 1604
1501 1605
1501 1607
1501 1611
1501 1615
1501 1631
1501 1637
1501 1641
1501 1649
1501 1652
1501 1654
1501 1659
1501 1665
1501 1667
1501 1672
1501 1680
1501 1681
1501 1684
1501 1688
1501 1689
1501 1691
1501 1700
1501 1706
1501 1707
1501 1712
1501 1713
1501 1718
1501 1721
1501 1725
1501 1726
1501 1740
1501 1749
1501 1756
1501 1758
1501 1761
1501 1764
1501 1766
1501 1771
1501 1774
1501 1781
1501 1783
1501 1786
1501 1789
1501 1795
1501 1805
1501 1807
1501 1809
1501 1810
1501 1812
1501 1814
1501 1820
1501 1822
1501 1826
1501 1831
1501 1834
1501 1840
1501 1845
1501 1851
1501 1854
1501 1860
1501 1868
1501 1875
1501 1876
1501 1878
1501 1891
1501 1893
1501 1908
1501 1913
1501 1918
1501 1921
1501 1923
1501 1926
1501 1928
1501 1933
1501 1934
1501 1935
1501 1936
1501 1943
1501 1952
1501 1958
1501 1959
1501 1960
1501 1965
1501 1974
1501 1979
1501 1983
1501 1987
1501 1988
1501 1995
1501 2006
1501 2008
1501 2017
1501 2020
1501 2021
1501 2023
1501 2024
1501 2029
1501 2034
1501 2039
1501 2040
1501 2041
1501 2048
1501 2050
1501 2052
1501 2059
1501 2060
1501 2061
1501 2064
1501 2066
1501 2068
1501 2075
1501 2080
1501 2084
1501 2087
1501 2095
1501 2101
1501 2108
1501 2109
1501 2112
1501 2114
1501 2116
1501 2120
1501 2121
1501 2125
1501 2126
1501 2131
1501 2135
1501 2143
1501 2149
1501 2150
1501 2151
1501 2152
1501 2160
1501 2164
1501 2168
1501 2170
1501 2172
1501 2175
1501 2176
1501 2181
1501 2191
1501 2192
1501 2193
1501 2195
1501 2203
1501 2206
1501 2208
1501 2210
1501 2216
1501 2219
1501 2221
1501 2223
1501 2224
1501 2228
1501 2230
1501 2232
1501 2238
1501 2242
1501 2243
1501 2252
1501 2258
1501 2260
1501 2263
1501 2267
1501 2273
1501 2274
1501 2278
1501 2283
1501 2304
1501 2305
1501 2307
1501 2318
1501 2324
1501 2333
1501 2336
1501 2337
1501 2339
1501 2349
1501 2350
1501 2351
1501 2353
1501 2354
1501 2359
1501 2360
1501 2361
1501 2364
1501 2379
1501 2387
1501 2394
1501 2396
1501 2398
1501 2399
1501 2401
1501 2403
1501 2406
1501 2410
1501 2412
1501 2413
1501 2424
1501 2428
1501 2430
1501 2432
1501 2434
1501 2436
1501 2440
1501 2441
1501 2454
1501 2460
1501 2465
1501 2470
1501 2473
1501 2477
1501 2484
1501 2486
1501 2489
1501 2496
1501 2505
1501 2506
1501 2510
1501 2512
1501 2513
1501 2519
1501 2520
1501 2522
1501 2524
1501 2528
1501 2529
1501 2542
1501 2544
1501 2555
1501 2558
1501 2561
1501 2562
1501 2567
1501 2577
1501 2586
1501 2592
1501 2593
1501 2594
1501 2604
1501 2605
1501 2611
1501 2614
1501 2628
1501 2632
1501 2634
1501 2638
1501 2642
1501 2645
1501 2650
1501 2669
1501 2671
1501 2684
1501 2685
1501 2688
1501 2693
1501 2697
1501 2698
1501 2699
1501 2701
1501 2708
1501 2712
1501 2715
1501 2716
1501 2717
1501 2719
1501 2720
1501 2724
1501 2726
1501 2736
1501 2737
1501 2742
1501 2746
1501 2747
1501 2748
1501 2749
1501 2755
1501 2756
1501 2757
1501 2764
1501 2765
1501 2769
1501 2773
1501 2781
1501 2782
1501 2788
1501 2795
1501 2809
1501 2816
1501 2820
1501 2823
1501 2826
1501 2835
1501 2837
1501 2843
1501 2844
1501 2845
1501 2846
1501 2849
1501 2853
1501 2855
1501 2861
1501 2865
1501 2868
1501 2872
1501 2873
1501 2874
1501 2882
1501 2886
1501 2889
1501 2897
1501 2908
1501 2909
1501 2912
1501 2916
1501 2919
1501 2920
1501 2921
1501 2925
1501 2927
1501 2945
1501 2947
1501 2949
1501 2955
1501 2958
1501 2959
1501 2963
1501 2965
1501 2972
1501 2974
1501 2975
1501 2984
1501 2996
1501 2997
1501 2999
1501 3003
1501 3007
1501 3012
1501 3038
1501 3042
1501 3045
1501 3046
1501 3051
1501 3058
1501 3069
1501 3073
1501 3085
1501 3087
1501 3088
1501 3099
1501 3104
1501 3114
1501 3123
1501 3124
1501 3131
1501 3133
1501 3136
1501 3144
1501 3152
1501 3160
1501 3165
1501 3168
1501 3171
1501 3172
1501 3179
1501 3184
1501 3187
1501 3193
1501 3198
1501 3200
1501 3208
1501 3217
1501 3218
1501 3225
1501 3230
1501 3231
1501 3235
1501 3246
1501 3248
1501 3249
1501 3254
1501 3255
1501 3256
1501 3258
1501 3260
1501 3263
1501 3268
1501 3274
1501 3277
1501 3279
1501 3287
1501 3288
1501 3295
1501 3306
1501 3309
1501 3311
1501 3312
1501 3323
1501 3324
1501 3325
1501 3332
1501 3335
1501 3337
1501 3339
1501 3341
1501 3342
1501 3344
1501 3345
1501 3349
1501 3350
1501 3351
1501 3352
1501 3353
1501 3373
1501 3375
1501 3378
1501 3381
1501 3384
1501 3385
1501 3403
1501 3406
1501 3408
1501 3409
1501 3413
1501 3420
1501 3425
1501 3427
1501 3436
1501 3440
1501 3441
1501 3445
1501 3452
1501 3460
1501 3462
1501 3464
1501 3467
1501 3469
1501 3473
1501 3474
1501 3475
1501 3487
1501 3492
1501 3512
1501 3519
1501 3520
1501 3522
1501 3525
1501 3531
1501 3533
1501 3534
1501 3535
1501 3537
1501 3539
1501 3540
1501 3559
1501 3563
1501 3564
1501 3565
1501 3567
1501 3570
1501 3576
1501 3577
1501 3579
1501 3581
1501 3582
1501 3584
1501 3607
1501 3609
1501 3625
1501 3626
1501 3643
1501 3650
1501 3656
1501 3659
1501 3661
1501 3667
1501 3682
1501 3683
1501 3684
1501 3688
1501 3689
1501 3692
1501 3693
1501 3694
1501 3703
1501 3706
1501 3709
1501 3710
1501 3711
1501 3720
1501 3723
1501 3727
1501 3738
1501 3746
1501 3747
1501 3749
1501 3751
1501 3753
1501 3755
1501 3766
1501 3771
1501 3777
1501 3783
1501 3786
1501 3793
1501 3795
1501 3797
1501 3798
1501 3801
1501 3805
1501 3806
1501 3820
1501 3823
1501 3838
1501 3847
1501 3853
1501 3863
1501 3869
1501 3871
1501 3875
1501 3876
1501 3877
1501 3878
1501 3886
1501 3887
1501 3895
1501 3897
1501 3898
1501 3902
1501 3903
1501 3914
1501 3918
1501 3920
1501 3923
1501 3938
1501 3939
1501 3940
1501 3945
1501 3954
1501 3956
1501 3960
1501 3962
1501 3967
1501 3968
1501 3973
1501 3976
1501 3988
1501 3996
1501 4009
1501 4016
1501 4017
1501 4019
1501 4024
1501 4030
1501 4046
1501 4047
1501 4055
1501 4057
1501 4059
1501 4060
1501 4061
1501 4062
1501 4072
1501 4075
1501 4081
1501 4083
1501 4093
1501 4094
1501 4096
1501 4106
1501 4107
1501 4131
1501 4134
1501 4141
1501 4146
1501 4151
1501 4154
1501 4156
1501 4160
1501 4161
1501 4163
1501 4165
1501 4168
1501 4170
1501 4172
1501 4176
1501 4184
1501 4187
1501 4193
1501 4198
1501 4199
1501 4202
1501 4203
1501 4211
1501 4214
1501 4215
1501 4216
1501 4236
1501 4240
1501 4254
1501 4257
1501 4272
1501 4276
1501 4288
1501 4300
1501 4309
1501 4312
1501 4326
1501 4331
1501 4335
1501 4340
1501 4345
1501 4349
1501 4357
1501 4359
1501 4366
1501 4367
1501 4375
1501 4379
1501 4394
1501 4398
1501 4403
1501 4408
1501 4424
1501 4425
1501 4428
1501 4430
1501 4435
1501 4438
1501 4440
1501 4441
1501 4444
1501 4445
1501 4446
1501 4449
1501 4464
1501 4477
1501 4483
1501 4486
1501 4492
1501 4494
1501 4500
1501 4506
1501 4532
1501 4546
1501 4551
1501 4554
1501 4569
1501 4582
1501 4584
1501 4585
1501 4586
1501 4591
1501 4595
1501 4600
1501 4604
1501 4611
1501 4613
1501 4617
1501 4630
1501 4640
1501 4642
1501 4643
1501 4644
1501 4663
1501 4668
1501 4674
1501 4688
1501 4694
1501 4697
1501 4717
1501 4718
1501 4719
1501 4728
1501 4733
1501 4744
1501 4746
1501 4750
1501 4751
1501 4768
1501 4782
1501 4788
1501 4790
1501 4792
1501 4802
1501 4803
1504 1763
1504 4056
1504 4204
1505 2764
1507 3457
1508 2712
1510 2712
1513 2712
1515 3141
1515 3982
1516 1543
1516 1563
1516 1589
1516 1608
1516 1609
1516 1622
1516 1629
1516 1717
1516 1736
1516 1784
1516 1796
1516 1815
1516 1838
1516 1916
1516 1922
1516 1940
1516 1967
1516 2000
1516 2001
1516 2030
1516 2044
1516 2070
1516 2124
1516 2129
1516 2146
1516 2147
1516 2196
1516 2211
1516 2236
1516 2330
1516 2348
1516 2368
1516 2405
1516 2419
1516 2468
1516 2507
1516 2533
1516 2540
1516 2560
1516 2585
1516 2597
1516 2623
1516 2636
1516 2643
1516 2646
1516 2662
1516 2695
1516 2761
1516 2877
1516 2938
1516 3029
1516 3032
1516 3076
1516 3130
1516 3162
1516 3169
1516 3173
1516 3195
1516 3207
1516 3209
1516 3286
1516 3293
1516 3301
1516 3392
1516 3411
1516 3498
1516 3594
1516 3612
1516 3616
1516 3618
1516 3627
1516 3713
1516 3719
1516 3731
1516 3732
1516 3760
1516 3774
1516 3813
1516 3821
1516 3836
1516 3890
1516 3926
1516 3944
1516 4043
1516 4080
1516 4085
1516 4092
1516 4140
1516 4219
1516 4226
1516 4262
1516 4315
1516 4318
1516 4395
1516 4467
1516 4478
1516 4489
1516 4516
1516 4527
1516 4535
1516 4559
1516 4599
1516 4655
1516 4678
1516 4682
1516 4729
1516 4737
1516 4774
1516 4793
1517 3961
1519 2078
1520 2764
1521 2712
1528 2712
1533 2712
1534 3501
1539 2712
1540 4374
1541 2078
1545 2712
1548 2712
1551 2712
1554 3513
1554 4351
1555 2712
1559 2712
1565 2712
1565 3610
1568 4374
1570 2712
1572 2712
1575 2446
1575 2712
1576 3167
1579 2764
1580 4374
1582 1657
1582 1949
1582 2130
1582 2294
1582 2416
1582 2759
1582 3150
1582 3461
1582 3740
1582 3791
1582 3824
1582 3977
1582 4162
1582 4409
1582 4699
1582 4773
1585 2712
1586 2712
1592 2545
1593 2712
1595 2078
1601 2712
1606 2446
1616 3574
1618 2712
1619 2712
1620 2712
1621 2912
1623 3457
1625 2712
1626 4439
1628 2446
1629 4056
1631 3661
1632 2712
1634 3159
1634 3791
1635 2712
1638 2712
1640 2939
1642 2357
1642 2712
1643 2570
1647 2446
1650 2712
1651 1763
1652 2357
1652 2712
1652 3457
1656 2712
1661 2570
1663 4031
1666 2712
1667 2357
1673 2446
1675 4648
1676 4653
1678 2712
1679 2712
1680 2712
1683 2712
1684 2712
1685 2712
1686 2133
1687 2446
1690 3231
1692 3740
1695 4056
1699 2712
1704 4056
1705 3961
1707 2712
1709 2712
1710 2446
1711 2712
1713 2712
1718 2712
1723 3634
1726 2712
1726 4031
1728 2712
1729 4472
1735 2712
1740 2712
1744 2712
1745 1763
1746 2712
1750 2712
1751 2712
1753 4056
1754 1763
1755 3961
1759 3513
1759 3700
1759 3740
1762 2712
1763 1767
1763 1778
1763 1832
1763 1920
1763 2026
1763 2049
1763 2129
1763 2146
1763 2288
1763 2316
1763 2338
1763 2600
1763 2616
1763 2805
1763 2892
1763 2896
1763 2903
1763 2990
1763 2994
1763 3240
1763 3247
1763 3301
1763 3561
1763 3635
1763 3652
1763 3666
1763 3698
1763 3712
1763 3773
1763 3840
1763 3842
1763 3861
1763 3930
1763 4097
1763 4105
1763 4433
1763 4552
1763 4724
1763 4761
1764 2446
1768 2764
1771 2712
1775 3961
1783 2712
1785 2446
1787 2712
1791 2712
1795 2357
1798 2712
1801 2712
1804 3961
1806 2712
1809 4765
1811 2446
1813 4056
1818 2712
1819 2712
1821 3513
1821 4653
1825 2712
1829 2712
1830 2712
1831 2712
1835 2588
1842 2712
1852 3167
1853 2712
1856 2712
1859 2712
1863 2712
1864 2712
1865 2712
1868 2712
1870 2712
1871 3048
1871 3337
1871 3355
1871 4633
1872 2712
1877 4056
1881 2712
1882 2712
1884 2712
1885 4374
1886 2712
1896 4056
1897 3961
1902 3513
1905 4204
1906 2445
1907 2712
1909 2712
1910 2712
1927 2712
1931 4623
1936 2712
1942 2570
1944 4648
1954 2712
1959 2117
1960 2357
1961 2668
1963 2712
1964 2712
1966 4769
1968 2712
1973 2219
1973 2485
1973 2902
1973 3835
1973 4537
1975 2712
1979 2712
1989 2712
1990 2707
1991 4204
1994 2570
1995 2712
1996 2712
1999 3961
2008 2712
2009 2712
2017 4031
2019 3961
2021 3231
2022 2712
2025 4056
2028 2712
2032 3961
2033 2712
2042 2712
2044 3415
2045 3501
2046 2712
2048 3916
2051 2712
2055 2712
2056 3513
2069 2446
2070 4653
2073 3513
2077 2712
2078 2125
2078 2150
2078 2192
2078 2353
2078 2358
2078 2403
2078 2426
2078 2578
2078 2712
2078 2738
2078 2746
2078 2981
2078 3186
2078 3243
2078 3289
2078 3530
2078 3572
2078 3609
2078 3746
2078 3874
2078 3908
2078 3935
2078 3959
2078 3981
2078 4062
2078 4191
2078 4212
2078 4250
2078 4293
2078 4361
2078 4492
2078 4747
2081 2712
2085 4769
2086 2712
2094 4770
2095 2712
2097 3961
2098 2712
2102 2712
2103 2712
2105 4056
2106 2712
2109 3661
2110 2712
2111 4653
2116 2712
2125 4374
2127 2712
2128 2712
2130 3083
2133 4774
2135 2712
2142 2432
2148 2712
2150 2712
2150 2764
2151 2357
2151 2712
2151 3324
2154 4653
2161 2712
2167 3506
2180 2446
2186 2712
2188 2712
2191 2712
2192 2712
2199 2712
2201 3167
2204 2712
2204 4765
2205 2712
2208 2712
2213 2712
2215 3457
2219 2712
2220 2712
2222 2712
2225 2712
2227 3167
2229 3740
2231 2712
2232 4374
2239 4204
2243 2446
2243 3048
2244 3457
2245 4079
2247 4056
2248 4770
2251 4197
2252 2764
2252 3231
2254 3083
2255 3083
2256 2712
2259 4031
2261 2712
2264 2712
2269 2663
2269 2666
2269 3830
2270 4410
2271 2912
2275 4056
2276 2712
2279 4147
2281 3483
2283 2712
2286 2712
2291 3513
2292 2712
2293 3083
2295 4439
2296 3961
2297 2712
2299 2712
2301 2712
2302 2357
2303 2712
2308 2712
2315 3961
2316 2588
2316 3808
2319 2446
2323 2764
2324 2712
2325 2647
2340 2712
2341 2357
2341 2712
2343 2446
2343 2712
2347 3961
2352 3976
2353 2712
2354 2446
2354 2712
2354 3661
2356 2712
2357 2365
2357 2462
2357 2478
2357 2677
2357 2781
2357 2830
2357 3105
2357 3118
2357 3134
2357 3146
2357 3283
2357 3406
2357 3490
2357 3569
2357 3577
2357 3638
2357 3720
2357 3804
2357 3816
2357 3965
2357 4004
2357 4337
2357 4388
2357 4556
2357 4595
2357 4788
2359 2712
2363 4056
2364 2712
2365 2712
2366 3457
2372 4056
2373 2712
2378 3501
2380 2712
2382 2712
2387 2712
2392 3457
2404 3708
2407 4056
2411 3457
2415 2712
2417 4374
2418 2712
2425 2712
2427 3083
2429 2712
2433 2446
2439 2446
2445 3828
2445 3900
2445 4186
2446 2450
2446 2541
2446 2583
2446 2770
2446 3223
2446 3224
2446 3231
2446 3249
2446 3460
2446 3495
2446 3508
2446 3512
2446 3588
2446 3710
2446 3721
2446 3746
2446 3988
2446 3997
2446 4002
2446 4019
2446 4028
2446 4183
2446 4202
2446 4214
2446 4236
2446 4434
2446 4442
2446 4509
2446 4608
2446 4656
2446 4744
2448 2712
2450 2712
2452 2712
2455 2707
2456 3501
2459 4439
2470 2712
2474 2712
2478 2712
2480 2712
2482 3961
2485 4273
2491 4204
2492 2712
2495 2712
2500 2712
2502 4031
2503 3083
2511 3961
2511 4653
2525 2712
2527 2635
2527 3788
2531 2712
2536 2712
2538 2712
2546 2712
2546 2764
2547 2712
2549 2712
2550 4766
2557 3501
2557 4077
2559 2712
2561 2764
2563 2712
2564 2712
2570 2728
2570 3451
2570 3679
2570 3699
2570 3811
2570 3862
2570 3953
2570 4135
2572 4612
2576 2712
2580 4374
2588 2662
2588 2676
2588 3153
2588 4039
2588 4196
2588 4303
2588 4310
2588 4480
2588 4552
2600 4204
2601 2712
2607 2712
2612 4056
2617 3961
2618 3680
2619 2712
2621 4286
2622 2712
2624 2668
2627 2712
2633 3083
2651 2712
2654 2712
2658 2712
2667 3961
2668 2686
2668 3015
2668 3587
2668 3791
2668 4051
2668 4553
2668 4620
2672 3457
2673 3791
2678 2712
2681 2712
2682 2712
2684 4374
2687 3740
2688 2712
2689 2712
2690 2712
2692 4700
2694 2712
2696 2712
2701 2712
2702 2712
2705 2712
2707 3130
2707 3137
2707 3489
2707 3933
2707 4461
2709 2712
2709 3457
2711 2712
2712 2714
2712 2717
2712 2719
2712 2720
2712 2724
2712 2736
2712 2744
2712 2751
2712 2753
2712 2760
2712 2769
2712 2772
2712 2774
2712 2776
2712 2781
2712 2785
2712 2786
2712 2815
2712 2817
2712 2818
2712 2824
2712 2830
2712 2836
2712 2844
2712 2855
2712 2860
2712 2868
2712 2875
2712 2878
2712 2879
2712 2880
2712 2907
2712 2912
2712 2913
2712 2925
2712 2926
2712 2931
2712 2933
2712 2941
2712 2951
2712 2956
2712 2961
2712 2969
2712 2970
2712 2979
2712 2988
2712 2997
2712 2999
2712 3037
2712 3043
2712 3046
2712 3050
2712 3066
2712 3075
2712 3081
2712 3082
2712 3089
2712 3092
2712 3105
2712 3108
2712 3114
2712 3121
2712 3127
2712 3128
2712 3152
2712 3165
2712 3170
2712 3171
2712 3172
2712 3174
2712 3178
2712 3184
2712 3188
2712 3192
2712 3202
2712 3203
2712 3216
2712 3222
2712 3230
2712 3231
2712 3239
2712 3242
2712 3266
2712 3270
2712 3279
2712 3282
2712 3297
2712 3303
2712 3306
2712 3307
2712 3316
2712 3320
2712 3329
2712 3335
2712 3336
2712 3342
2712 3352
2712 3355
2712 3359
2712 3360
2712 3371
2712 3375
2712 3378
2712 3382
2712 3383
2712 3384
2712 3395
2712 3397
2712 3399
2712 3403
2712 3406
2712 3414
2712 3422
2712 3427
2712 3429
2712 3433
2712 3436
2712 3439
2712 3441
2712 3442
2712 3445
2712 3447
2712 3448
2712 3449
2712 3466
2712 3473
2712 3476
2712 3477
2712 3480
2712 3491
2712 3492
2712 3496
2712 3499
2712 3509
2712 3515
2712 3516
2712 3519
2712 3521
2712 3522
2712 3531
2712 3534
2712 3539
2712 3543
2712 3547
2712 3549
2712 3551
2712 3562
2712 3576
2712 3581
2712 3609
2712 3624
2712 3651
2712 3654
2712 3657
2712 3664
2712 3668
2712 3682
2712 3687
2712 3691
2712 3697
2712 3710
2712 3716
2712 3718
2712 3727
2712 3729
2712 3735
2712 3738
2712 3742
2712 3746
2712 3753
2712 3764
2712 3766
2712 3806
2712 3812
2712 3815
2712 3819
2712 3820
2712 3839
2712 3846
2712 3847
2712 3848
2712 3851
2712 3853
2712 3871
2712 3872
2712 3875
2712 3879
2712 3882
2712 3886
2712 3887
2712 3889
2712 3901
2712 3904
2712 3905
2712 3912
2712 3913
2712 3915
2712 3918
2712 3921
2712 3932
2712 3939
2712 3946
2712 3949
2712 3950
2712 3951
2712 3959
2712 3968
2712 3972
2712 3979
2712 3980
2712 3981
2712 4001
2712 4002
2712 4003
2712 4009
2712 4020
2712 4021
2712 4022
2712 4025
2712 4026
2712 4027
2712 4031
2712 4034
2712 4036
2712 4037
2712 4042
2712 4044
2712 4045
2712 4046
2712 4057
2712 4060
2712 4073
2712 4082
2712 4084
2712 4088
2712 4094
2712 4103
2712 4106
2712 4108
2712 4113
2712 4120
2712 4138
2712 4141
2712 4144
2712 4148
2712 4149
2712 4169
2712 4179
2712 4187
2712 4190
2712 4191
2712 4221
2712 4222
2712 4225
2712 4236
2712 4241
2712 4246
2712 4249
2712 4253
2712 4254
2712 4257
2712 4271
2712 4273
2712 4277
2712 4279
2712 4287
2712 4288
2712 4289
2712 4292
2712 4299
2712 4309
2712 4316
2712 4326
2712 4327
2712 4330
2712 4331
2712 4337
2712 4339
2712 4357
2712 4358
2712 4359
2712 4361
2712 4367
2712 4371
2712 4376
2712 4379
2712 4380
2712 4391
2712 4401
2712 4404
2712 4406
2712 4414
2712 4418
2712 4420
2712 4437
2712 4441
2712 4442
2712 4443
2712 4448
2712 4449
2712 4451
2712 4456
2712 4462
2712 4464
2712 4471
2712 4476
2712 4481
2712 4492
2712 4495
2712 4505
2712 4524
2712 4525
2712 4529
2712 4534
2712 4546
2712 4569
2712 4574
2712 4582
2712 4583
2712 4588
2712 4595
2712 4602
2712 4604
2712 4617
2712 4622
2712 4629
2712 4644
2712 4661
2712 4671
2712 4674
2712 4676
2712 4689
2712 4698
2712 4706
2712 4710
2712 4718
2712 4738
2712 4742
2712 4744
2712 4754
2712 4771
2712 4785
2712 4795
2712 4798
2712 4799
2712 4800
2712 4803
2712 4815
2718 3083
2764 3457
2764 3610
2764 3648
2764 3782
2764 3866
2764 3867
2764 4106
2764 4172
2764 4279
2764 4355
2764 4400
2764 4469
2764 4685
2764 4771
2779 4766
2780 4562
2794 4439
2797 4056
2797 4204
2802 4077
2825 4056
2828 4374
2832 4204
2834 3457
2847 4077
2848 3167
2850 3740
2857 3015
2867 3213
2869 3167
2871 4268
2871 4642
2877 4664
2892 3574
2897 4017
2897 4343
2898 4765
2900 3457
2920 3457
2920 3939
2920 4410
2924 4056
2933 4031
2935 3961
2940 3457
2948 3961
2962 3083
2963 4374
2964 3961
2977 3083
2987 3358
2987 4664
3001 4472
3014 3015
3015 3022
3015 3240
3015 3611
3015 4104
3015 4714
3015 4725
3033 4056
3033 4766
3040 3740
3041 3750
3047 3501
3047 4056
3067 3700
3067 3961
3083 3185
3083 3271
3083 3784
3083 3896
3083 3927
3083 4087
3083 4174
3083 4226
3083 4274
3083 4291
3083 4329
3083 4713
3083 4729
3083 4775
3090 4472
3101 4056
3103 4056
3107 4056
3110 4479
3125 4472
3126 4056
3133 4374
3142 4648
3149 3441
3150 4659
3152 3661
3156 3976
3157 3457
3159 4162
3162 3167
3167 3405
3167 3458
3167 3459
3167 3470
3167 3802
3167 4018
3169 4204
3181 4281
3188 3355
3199 3961
3206 4766
3213 3513
3223 4472
3226 4281
3229 4018
3229 4664
3229 4683
3240 3507
3240 4659
3248 4374
3250 3961
3251 4472
3252 4204
3262 3740
3262 3961
3273 3644
3291 4623
3302 3961
3304 4439
3317 4056
3318 4720
3328 3700
3346 3482
3348 3574
3355 3765
3355 4117
3361 4056
3363 4031
3367 4393
3377 3501
3403 4374
3405 3507
3405 4015
3412 3501
3416 3501
3417 4220
3423 3634
3434 3501
3441 4410
3444 4215
3457 3516
3457 3532
3457 3726
3457 3970
3457 4045
3457 4060
3457 4106
3460 4759
3460 4765
3468 3961
3481 4605
3482 3611
3482 3713
3482 3730
3482 3791
3482 4610
3486 3961
3489 4794
3497 3740
3501 3553
3501 3714
3501 4129
3501 4321
3501 4396
3501 4431
3501 4601
3501 4624
3506 4006
3507 4286
3513 3589
3513 3761
3513 3821
3513 3860
3513 4052
3513 4224
3513 4489
3513 4568
3513 4581
3513 4590
3513 4594
3513 4606
3513 4730
3524 4653
3527 3961
3529 3961
3532 4014
3532 4079
3536 4204
3548 4648
3568 4056
3573 4031
3574 4593
3591 3708
3598 4439
3598 4659
3602 3740
3610 4098
3623 4374
3628 4031
3633 4056
3634 4657
3636 4472
3640 3808
3644 3772
3644 3791
3644 4208
3644 4308
3644 4311
3644 4561
3657 4147
3661 3999
3663 4056
3691 3865
3691 4765
3696 4543
3702 4354
3712 3961
3721 4056
3733 4653
3734 4204
3740 3741
3740 3789
3740 3952
3740 4129
3740 4139
3740 4344
3740 4566
3750 4077
3752 4422
3757 3961
3763 4472
3775 4659
3776 4031
3780 4648
3784 4653
3791 4700
3798 3976
3803 3961
3804 4374
3823 4374
3825 3961
3827 3843
3830 3961
3830 4393
3831 4664
3833 4056
3845 3961
3855 4472
3856 4518
3857 3880
3868 4056
3880 4226
3891 3961
3892 4056
3893 4648
3896 4204
3919 3961
3922 4056
3924 4472
3933 3961
3939 4360
3943 4245
3953 4056
3961 3971
3961 4114
3961 4129
3961 4174
3961 4261
3961 4320
3961 4332
3961 4362
3961 4412
3961 4514
3961 4522
3961 4523
3961 4538
3961 4544
3961 4547
3961 4627
3961 4631
3961 4646
3961 4773
3961 4783
3967 4273
3969 4056
3976 4163
3976 4296
3992 4031
3992 4374
4008 4056
4018 4097
4018 4653
4018 4664
4024 4472
4031 4099
4031 4123
4031 4133
4031 4244
4031 4379
4031 4426
4031 4441
4031 4465
4031 4532
4031 4807
4033 4439
4039 4543
4048 4281
4051 4653
4056 4111
4056 4115
4056 4230
4056 4235
4056 4365
4056 4463
4056 4503
4056 4521
4056 4682
4056 4722
4056 4809
4060 4374
4077 4227
4077 4383
4077 4507
4077 4552
4077 4762
4122 4273
4129 4664
4150 4664
4153 4374
4164 4648
4204 4757
4215 4664
4273 4300
4273 4641
4292 4374
4372 4384
4374 4405
4374 4413
4382 4606
4410 4528
4422 4623
4431 4606
4439 4692
4467 4636
4615 4648
4615 4653
4615 4664
4637 4766
4648 4653
4648 4664
4648 4715
4648 4773
4653 4664
4653 4715
4664 4683
4664 4705
