0 2976
1 1714
2 1677
3 1469
4 140
5 1368
6 2296
7 140
8 1154
9 1933
10 490
11 201
12 140
13 1677
14 140
15 140
16 2876
17 1850
18 490
18 2595
19 1677
20 490
21 1677
22 490
23 140
24 1496
25 335
25 549
25 678
25 701
25 1524
26 563
26 2876
27 668
27 671
27 1562
27 1853
27 2595
28 140
29 1327
30 1301
30 2595
31 1496
32 490
33 490
34 140
35 44
35 131
35 229
35 416
35 426
35 472
35 633
35 642
35 1115
35 1141
35 1461
35 1518
35 1716
35 1816
35 2398
35 2711
35 3104
36 2976
37 2761
38 1677
39 1301
40 2779
40 2976
41 1496
42 140
42 380
43 1714
45 2779
46 2779
47 490
47 1301
48 490
49 490
50 1368
51 2417
52 1677
53 191
53 736
53 1853
53 2654
54 1301
55 2831
56 2134
57 2683
57 2779
58 490
59 538
59 1142
59 1727
59 2186
59 2226
59 2291
59 2350
59 2458
59 2717
59 3028
59 3067
60 490
60 1189
60 1496
61 140
62 1639
63 2779
64 1677
65 1481
66 1677
67 2683
68 2976
69 140
70 2779
71 2134
72 140
73 917
73 1496
73 2283
73 2729
73 2831
74 140
75 1301
76 316
76 333
76 506
76 541
76 1359
76 2494
76 2607
77 140
78 490
79 2688
80 140
81 2779
82 1368
83 1850
84 2676
85 1496
86 2976
87 1677
88 1677
89 2171
90 2493
91 140
92 490
93 1368
94 140
95 490
95 1301
96 1677
97 1301
98 1677
99 2976
100 1677
101 536
102 2595
103 2976
104 1647
104 2595
105 140
106 140
107 140
108 140
109 140
110 2976
111 1853
112 1633
112 1751
112 2032
112 2482
113 1677
114 1301
115 2650
116 140
117 536
117 1301
117 1496
117 1980
118 1301
118 1791
119 2779
120 2664
121 1647
122 2779
123 1301
124 490
125 140
126 490
127 1301
128 1714
129 1496
130 2595
132 2976
133 209
133 591
133 950
133 1191
133 1979
133 2545
134 490
134 569
135 140
136 1301
137 2779
138 490
138 536
138 1496
139 1677
140 149
140 150
140 155
140 167
140 172
140 188
140 193
140 194
140 195
140 198
140 199
140 203
140 204
140 212
140 219
140 228
140 237
140 242
140 250
140 260
140 277
140 293
140 310
140 318
140 321
140 332
140 336
140 344
140 355
140 359
140 372
140 383
140 384
140 388
140 390
140 401
140 403
140 405
140 417
140 422
140 424
140 428
140 429
140 431
140 439
140 445
140 448
140 453
140 458
140 460
140 461
140 472
140 479
140 483
140 489
140 494
140 501
140 504
140 513
140 515
140 520
140 522
140 528
140 534
140 540
140 541
140 552
140 556
140 566
140 582
140 583
140 597
140 599
140 601
140 602
140 603
140 604
140 608
140 610
140 611
140 613
140 614
140 630
140 636
140 644
140 666
140 672
140 683
140 684
140 688
140 698
140 710
140 762
140 787
140 792
140 804
140 812
140 815
140 817
140 833
140 838
140 850
140 862
140 864
140 869
140 871
140 876
140 884
140 887
140 896
140 901
140 922
140 927
140 942
140 954
140 963
140 970
140 973
140 982
140 997
140 1014
140 1016
140 1018
140 1022
140 1040
140 1042
140 1045
140 1050
140 1052
140 1060
140 1062
140 1068
140 1086
140 1091
140 1093
140 1094
140 1101
140 1127
140 1149
140 1150
140 1151
140 1167
140 1170
140 1171
140 1180
140 1204
140 1219
140 1223
140 1239
140 1242
140 1254
140 1274
140 1282
140 1285
140 1288
140 1289
140 1311
140 1317
140 1329
140 1332
140 1333
140 1340
140 1345
140 1348
140 1351
140 1371
140 1373
140 1377
140 1387
140 1391
140 1397
140 1398
140 1404
140 1408
140 1428
140 1439
140 1441
140 1449
140 1455
140 1473
140 1501
140 1503
140 1516
140 1519
140 1520
140 1524
140 1525
140 1526
140 1532
140 1536
140 1569
140 1571
140 1577
140 1578
140 1580
140 1588
140 1608
140 1613
140 1621
140 1627
140 1630
140 1634
140 1670
140 1677
140 1686
140 1695
140 1717
140 1729
140 1740
140 1749
140 1756
140 1765
140 1771
140 1775
140 1778
140 1779
140 1785
140 1823
140 1838
140 1857
140 1871
140 1876
140 1878
140 1890
140 1902
140 1904
140 1936
140 1957
140 1987
140 2014
140 2043
140 2051
140 2065
140 2073
140 2078
140 2094
140 2095
140 2102
140 2103
140 2107
140 2118
140 2126
140 2132
140 2134
140 2135
140 2139
140 2143
140 2168
140 2173
140 2183
140 2191
140 2192
140 2210
140 2227
140 2228
140 2231
140 2234
140 2236
140 2240
140 2249
140 2263
140 2287
140 2307
140 2335
140 2342
140 2345
140 2363
140 2369
140 2371
140 2386
140 2388
140 2390
140 2452
140 2456
140 2494
140 2505
140 2508
140 2509
140 2512
140 2513
140 2525
140 2535
140 2539
140 2540
140 2542
140 2551
140 2584
140 2585
140 2601
140 2602
140 2605
140 2609
140 2614
140 2615
140 2617
140 2624
140 2677
140 2685
140 2690
140 2735
140 2746
140 2747
140 2751
140 2752
140 2775
140 2783
140 2827
140 2860
140 2864
140 2868
140 2873
140 2969
140 2976
140 3002
140 3008
140 3018
140 3087
140 3115
140 3127
140 3134
141 490
142 572
143 2779
144 369
144 418
144 490
145 536
145 1301
146 2134
147 1677
148 1380
151 2976
152 163
152 206
152 247
152 258
152 287
152 357
152 389
152 529
152 563
152 637
152 749
152 857
152 883
152 1074
152 1131
152 1251
152 1260
152 1431
152 1470
152 1504
152 1616
152 1811
152 1884
152 1895
152 2028
152 2114
152 2124
152 2137
152 2138
152 2164
152 2356
152 2417
152 2447
152 2628
152 2701
152 2726
152 2767
152 2906
152 2919
152 3085
152 3106
152 3138
153 1496
154 764
156 598
157 490
158 2976
159 1301
160 1262
160 2365
161 490
161 1301
161 1380
162 191
162 569
164 1476
164 1714
165 191
166 1677
168 2595
169 1677
170 191
171 536
173 1647
174 1677
175 490
176 2976
177 1647
178 1677
179 1301
180 1368
180 1777
180 2779
180 2976
181 1301
182 1677
183 490
184 1677
185 2876
186 490
187 490
187 1496
187 1791
187 2876
189 1714
190 490
190 536
190 1301
190 1496
191 215
191 234
191 301
191 361
191 369
191 468
191 475
191 480
191 507
191 537
191 570
191 580
191 637
191 650
191 680
191 699
191 765
191 829
191 874
191 880
191 903
191 946
191 956
191 1037
191 1143
191 1212
191 1235
191 1286
191 1313
191 1322
191 1412
191 1417
191 1421
191 1422
191 1444
191 1567
191 1606
191 1617
191 1643
191 1647
191 1687
191 1697
191 1766
191 1798
191 1837
191 1865
191 1895
191 1955
191 2034
191 2036
191 2054
191 2100
191 2112
191 2116
191 2166
191 2188
191 2242
191 2299
191 2305
191 2326
191 2380
191 2421
191 2427
191 2430
191 2448
191 2454
191 2468
191 2501
191 2563
191 2578
191 2580
191 2608
191 2630
191 2651
191 2652
191 2705
191 2711
191 2717
191 2726
191 2807
191 2818
191 2845
191 2857
191 2896
191 2941
191 2961
191 2997
192 490
192 1301
194 2976
196 2134
197 255
200 2134
201 619
202 1496
205 1467
207 490
208 1496
209 950
210 2595
211 490
211 1496
213 1868
213 2876
214 1496
216 2876
217 536
218 1513
218 1595
218 2885
220 1301
221 1677
222 505
222 2650
223 490
223 536
223 2595
224 1677
225 1301
226 1677
227 1496
228 1677
230 1496
231 490
232 1677
233 1055
235 490
235 1301
235 1496
235 1647
236 2595
238 2134
239 1677
240 1496
241 490
243 2779
244 490
245 490
246 490
246 569
246 1301
246 1496
248 2779
249 490
251 1301
251 1714
251 2567
252 490
252 1301
252 1496
252 2595
253 2876
254 1647
255 270
255 305
255 717
255 958
255 1036
255 1082
255 1087
255 1099
255 1273
255 1322
255 1411
255 1565
255 1617
255 1624
255 1716
255 1725
255 1815
255 1965
255 1984
255 1996
255 2108
255 2110
255 2154
255 2159
255 2166
255 2186
255 2286
255 2338
255 2348
255 2356
255 2536
255 2547
255 2582
255 2629
255 2644
255 2707
255 2776
255 2889
255 2997
255 3020
255 3069
255 3074
256 490
256 536
256 1301
256 1496
257 1714
259 2134
260 2650
261 578
262 490
262 1262
262 1363
263 2876
264 2779
265 1677
265 2134
266 569
267 1528
268 1677
269 1677
270 490
270 1301
270 1496
270 2595
271 671
272 490
273 2779
274 1301
275 1791
276 1368
276 2105
276 2976
278 2465
279 490
280 1301
280 1381
281 1714
282 1496
283 2976
284 490
284 1496
285 490
286 1677
286 2976
287 490
287 536
287 569
287 1301
287 1496
287 1661
287 1714
287 2595
288 2650
288 2976
289 2134
290 2595
291 1301
291 2761
292 856
292 955
292 1257
292 1368
292 2976
292 3015
292 3043
294 536
294 1301
294 1496
295 1496
296 1301
297 490
297 1496
297 1714
298 490
299 1677
300 1154
302 2876
303 490
304 2876
306 910
306 2073
307 490
308 490
308 545
308 646
308 2071
308 2300
308 2321
308 2924
309 490
311 2976
312 1368
313 490
313 1301
313 2595
314 668
314 1647
314 2595
315 1496
316 2134
317 490
319 490
320 490
322 1098
322 1180
322 1331
322 1918
322 2664
322 2976
323 2779
324 2779
325 490
325 1262
325 1301
325 1496
325 1791
326 1850
327 1777
328 2567
329 1368
330 1301
331 536
331 2567
332 2779
334 1677
334 2976
337 490
338 1677
338 2998
339 490
340 1677
341 2595
342 490
343 490
345 2976
346 1677
347 2976
348 1945
349 1496
349 1496
349 1661
350 1381
351 1496
352 1301
353 490
354 2779
356 1301
358 1368
360 1380
362 1496
363 1677
364 1647
365 490
366 490
367 490
368 1647
369 490
369 536
369 594
369 717
369 773
369 1049
369 1301
369 1381
369 1496
369 1589
369 1647
369 1714
369 1853
369 2208
369 2595
370 490
370 1301
370 1496
370 1647
371 1496
373 671
373 2595
374 1677
375 2268
376 2664
377 2134
378 1368
379 1714
381 2650
382 536
382 1496
385 1496
386 1677
387 1677
389 490
391 2779
392 490
393 1368
394 490
394 536
395 1368
396 1368
397 490
397 1496
398 490
398 1647
398 1714
399 1496
400 1677
402 490
404 2683
406 2595
407 490
408 2779
409 2779
410 1647
411 1301
412 1677
413 1677
414 2976
415 490
418 1533
419 2595
420 1677
421 490
421 536
421 1301
421 1496
423 1301
425 1677
427 1496
428 1677
430 2134
432 1677
433 1647
434 1850
435 2779
436 2779
437 1647
438 1301
439 910
439 2976
440 1496
441 2876
442 490
443 2876
444 490
446 2595
447 1677
449 490
450 490
451 1368
452 1677
454 1714
455 1496
456 1677
457 2595
459 1301
462 536
463 2595
464 2688
465 1714
466 1677
467 1233
467 1301
469 490
470 490
470 2841
471 2976
473 1301
474 2134
476 1677
477 490
477 1301
478 2779
479 2779
481 2595
482 490
482 536
484 1677
485 2134
486 1496
487 490
488 1677
488 2134
490 493
490 497
490 500
490 503
490 509
490 518
490 519
490 521
490 524
490 536
490 544
490 550
490 551
490 553
490 554
490 557
490 560
490 569
490 575
490 584
490 587
490 590
490 598
490 609
490 615
490 617
490 618
490 624
490 625
490 627
490 635
490 639
490 645
490 653
490 655
490 659
490 660
490 662
490 667
490 669
490 670
490 675
490 677
490 682
490 685
490 697
490 700
490 703
490 704
490 706
490 709
490 733
490 741
490 743
490 745
490 750
490 754
490 755
490 766
490 767
490 779
490 780
490 789
490 790
490 791
490 796
490 806
490 814
490 828
490 831
490 836
490 840
490 843
490 844
490 846
490 848
490 849
490 852
490 853
490 858
490 859
490 860
490 861
490 867
490 868
490 888
490 902
490 914
490 926
490 932
490 933
490 940
490 943
490 948
490 949
490 978
490 984
490 985
490 989
490 1000
490 1006
490 1010
490 1017
490 1023
490 1024
490 1029
490 1032
490 1033
490 1036
490 1038
490 1049
490 1058
490 1063
490 1069
490 1073
490 1076
490 1077
490 1078
490 1081
490 1085
490 1089
490 1090
490 1096
490 1104
490 1109
490 1112
490 1116
490 1117
490 1120
490 1121
490 1125
490 1129
490 1131
490 1132
490 1133
490 1134
490 1135
490 1136
490 1143
490 1152
490 1153
490 1164
490 1174
490 1183
490 1185
490 1186
490 1188
490 1192
490 1197
490 1198
490 1200
490 1203
490 1206
490 1209
490 1213
490 1220
490 1221
490 1225
490 1234
490 1236
490 1237
490 1244
490 1248
490 1255
490 1256
490 1262
490 1265
490 1271
490 1277
490 1284
490 1290
490 1292
490 1294
490 1301
490 1307
490 1308
490 1310
490 1314
490 1320
490 1322
490 1334
490 1344
490 1362
490 1379
490 1384
490 1393
490 1403
490 1409
490 1423
490 1433
490 1448
490 1457
490 1468
490 1474
490 1481
490 1485
490 1489
490 1493
490 1515
490 1529
490 1531
490 1534
490 1539
490 1545
490 1548
490 1550
490 1551
490 1553
490 1564
490 1566
490 1567
490 1573
490 1579
490 1583
490 1587
490 1597
490 1601
490 1602
490 1604
490 1607
490 1616
490 1619
490 1623
490 1636
490 1640
490 1641
490 1647
490 1648
490 1649
490 1650
490 1651
490 1654
490 1655
490 1657
490 1665
490 1680
490 1681
490 1683
490 1700
490 1701
490 1709
490 1726
490 1736
490 1737
490 1742
490 1744
490 1758
490 1760
490 1761
490 1762
490 1763
490 1770
490 1772
490 1773
490 1776
490 1780
490 1781
490 1790
490 1801
490 1802
490 1804
490 1805
490 1807
490 1808
490 1810
490 1812
490 1818
490 1826
490 1833
490 1836
490 1837
490 1848
490 1849
490 1852
490 1854
490 1862
490 1869
490 1873
490 1874
490 1882
490 1884
490 1886
490 1887
490 1889
490 1891
490 1897
490 1900
490 1901
490 1903
490 1910
490 1911
490 1920
490 1923
490 1929
490 1951
490 1967
490 1968
490 1972
490 1973
490 1996
490 2001
490 2010
490 2012
490 2017
490 2019
490 2021
490 2022
490 2024
490 2047
490 2054
490 2057
490 2058
490 2063
490 2075
490 2076
490 2079
490 2083
490 2086
490 2088
490 2089
490 2096
490 2098
490 2106
490 2112
490 2133
490 2138
490 2141
490 2152
490 2161
490 2167
490 2170
490 2178
490 2180
490 2201
490 2214
490 2216
490 2221
490 2235
490 2244
490 2257
490 2258
490 2265
490 2267
490 2271
490 2275
490 2277
490 2280
490 2283
490 2292
490 2296
490 2298
490 2300
490 2302
490 2303
490 2304
490 2305
490 2306
490 2308
490 2312
490 2313
490 2327
490 2336
490 2341
490 2344
490 2354
490 2357
490 2358
490 2365
490 2366
490 2368
490 2370
490 2376
490 2378
490 2381
490 2389
490 2394
490 2400
490 2402
490 2403
490 2404
490 2405
490 2416
490 2419
490 2422
490 2425
490 2433
490 2440
490 2442
490 2444
490 2446
490 2449
490 2457
490 2463
490 2465
490 2469
490 2471
490 2472
490 2476
490 2477
490 2487
490 2491
490 2492
490 2497
490 2534
490 2541
490 2547
490 2549
490 2557
490 2566
490 2569
490 2576
490 2579
490 2582
490 2583
490 2590
490 2593
490 2594
490 2600
490 2611
490 2618
490 2620
490 2625
490 2628
490 2637
490 2638
490 2643
490 2651
490 2665
490 2670
490 2673
490 2676
490 2684
490 2689
490 2700
490 2716
490 2719
490 2720
490 2728
490 2734
490 2738
490 2744
490 2750
490 2764
490 2772
490 2774
490 2782
490 2789
490 2790
490 2797
490 2798
490 2806
490 2809
490 2812
490 2817
490 2822
490 2834
490 2835
490 2847
490 2862
490 2865
490 2872
490 2874
490 2880
490 2884
490 2892
490 2895
490 2901
490 2902
490 2904
490 2915
490 2921
490 2928
490 2932
490 2941
490 2945
490 2946
490 2949
490 2951
490 2961
490 2974
490 2982
490 2987
490 2991
490 2997
490 3001
490 3006
490 3009
490 3025
490 3047
490 3052
490 3063
490 3075
490 3082
490 3090
490 3091
490 3092
490 3103
490 3105
490 3113
490 3114
490 3116
490 3117
490 3118
490 3120
490 3122
490 3123
490 3132
490 3137
490 3140
490 3142
491 2134
492 1677
493 1301
493 2595
495 1677
496 2134
498 1677
499 2595
500 1301
502 1368
505 1456
507 1853
508 1677
509 1714
510 1301
511 2876
512 1677
514 1049
516 1677
517 1678
518 536
518 1301
518 1496
519 1714
519 2683
521 2595
523 1677
524 1301
525 1677
526 1677
527 1301
527 1647
527 1853
530 793
530 910
530 1287
530 2773
530 2785
530 2914
530 2960
530 2983
531 1154
532 2650
533 1677
535 1368
535 1677
536 547
536 564
536 598
536 609
536 620
536 631
536 669
536 741
536 743
536 770
536 879
536 891
536 988
536 1000
536 1003
536 1078
536 1158
536 1164
536 1197
536 1255
536 1263
536 1301
536 1324
536 1336
536 1350
536 1376
536 1389
536 1458
536 1496
536 1500
536 1556
536 1607
536 1763
536 1776
536 1791
536 1803
536 1843
536 1922
536 1976
536 1990
536 2008
536 2037
536 2093
536 2111
536 2164
536 2265
536 2272
536 2300
536 2337
536 2350
536 2351
536 2368
536 2417
536 2418
536 2442
536 2590
536 2841
536 2853
536 2871
536 2902
536 2905
536 2925
536 2993
536 3132
537 569
537 1496
538 1496
539 1647
541 1325
541 1677
542 1677
543 1301
543 1688
543 2595
543 2761
546 1714
547 1496
548 1301
551 1301
551 1496
555 1677
556 1677
556 2134
558 1301
559 1677
561 1714
562 2134
563 1496
563 2595
565 1301
567 1496
568 1301
569 657
569 681
569 724
569 926
569 1021
569 1208
569 1220
569 1262
569 1264
569 1301
569 1319
569 1322
569 1421
569 1450
569 1496
569 1632
569 1647
569 1687
569 1773
569 1853
569 1932
569 1949
569 2003
569 2098
569 2427
569 2429
569 2495
569 2708
569 2711
569 2754
569 2830
569 2922
569 2941
569 2997
569 3022
569 3037
569 3050
569 3054
571 1647
571 2595
573 1154
574 1301
576 1850
577 2650
578 932
578 1272
578 1367
578 1380
578 1714
578 2015
578 2054
578 2595
578 2606
578 2648
578 2823
578 2948
579 1381
580 1301
581 1714
582 1677
582 2779
582 2976
585 1496
586 1677
588 1301
588 1647
589 1407
591 1191
591 2664
592 1496
593 1714
593 2595
593 2876
594 606
594 1301
594 3116
595 2650
596 2134
598 1301
598 1478
598 2708
600 2779
605 2134
607 1301
607 1407
607 1714
607 2595
609 1301
609 1434
609 1714
609 2595
612 1496
616 2567
617 1049
618 1301
621 1677
622 1301
623 1677
626 2831
627 2595
628 2779
629 2976
632 1677
634 1677
635 1301
635 1496
637 1049
638 2976
640 1496
641 1301
643 1301
645 1496
647 1677
648 2595
649 1496
650 1853
651 1677
652 1496
654 2567
656 2380
657 1301
657 1688
658 1677
659 1496
661 1262
661 1301
663 1677
664 1791
665 1407
667 1301
668 671
668 739
668 1097
668 1375
668 1389
668 1601
668 1602
668 1780
668 2002
668 2156
668 2223
668 2252
668 2595
669 1714
669 1999
669 2351
669 2997
669 3116
670 1301
671 909
671 935
671 1161
671 1178
671 1263
671 1279
671 1352
671 1417
671 1430
671 1523
671 1552
671 1557
671 1589
671 1602
671 1783
671 1815
671 1837
671 1961
671 2005
671 2054
671 2144
671 2195
671 2359
671 2417
671 2455
671 2486
671 2503
671 2595
671 2736
671 2755
671 2774
671 2861
671 2876
671 3014
671 3036
673 1677
674 1301
676 2976
679 1381
680 1262
681 1647
681 2595
682 1301
682 1496
686 2567
687 2134
689 2881
690 2976
691 2134
692 2876
693 718
694 1496
695 1301
696 2650
696 2976
697 1496
699 1853
700 1262
700 1301
700 1496
700 1647
700 2595
702 2976
703 1496
705 1496
707 2841
708 1677
711 1481
711 1496
712 1677
713 1688
714 2595
715 1677
716 910
716 2976
718 730
718 905
718 938
718 965
718 1113
718 1293
718 1590
718 1622
718 1677
718 1706
718 1767
718 1941
718 2065
718 2072
718 2297
718 2647
718 2732
718 2773
718 2779
718 2791
718 2843
718 2858
718 3065
719 1677
719 2134
720 1154
721 865
721 1301
722 1714
723 1677
725 1301
726 1677
727 1496
728 2876
729 1853
730 1443
731 1301
732 1677
734 1301
735 1496
737 2016
737 2441
738 2675
739 1791
740 1357
741 1262
741 1301
741 1647
742 1301
743 1301
743 1496
744 2595
746 1677
747 1677
748 1301
751 2408
752 1476
753 1677
756 2976
757 2595
758 2976
759 1301
759 1496
760 1301
760 1496
761 1496
763 1301
764 2683
764 2976
768 1496
769 1301
771 2683
772 2134
773 1262
774 2595
775 1647
776 2595
777 1496
778 1853
781 1677
782 2134
783 1677
784 2976
785 1677
786 1496
788 2779
789 2595
792 2976
793 1677
794 910
794 1677
794 2650
795 1496
797 2595
798 1496
799 1677
800 2683
801 1496
802 1154
802 1496
803 2567
805 1714
806 1301
807 1301
808 1496
809 2779
810 1677
811 1262
813 1301
814 1301
816 1496
818 2976
819 2976
820 2134
821 2134
822 1677
823 1527
823 1572
823 1805
823 1868
823 1895
823 2825
824 2876
825 1677
826 1496
827 2296
829 1853
830 2134
832 1301
834 2134
835 2595
837 1301
839 1677
841 1496
842 1677
845 2779
847 1496
847 2310
851 1661
854 2134
855 1481
858 1301
858 2270
858 2347
858 2555
858 2573
863 1677
865 2359
866 1677
870 1496
871 2683
872 1496
873 1661
875 1381
877 1677
878 1714
881 1677
882 1049
885 1677
886 1154
889 1368
890 1677
892 2595
893 1301
894 1301
895 1301
897 1301
898 1301
899 2876
900 1301
900 1496
904 2779
906 1647
907 1496
908 1301
909 1301
909 1380
909 1562
909 2595
910 1829
910 2035
910 2067
910 2650
910 2780
910 2976
911 2779
912 924
912 1432
912 1462
912 2385
912 2455
912 2708
912 2727
912 2750
912 3036
913 2976
915 1301
916 1301
918 1562
919 1677
920 1496
921 1496
923 1677
925 1647
926 1853
928 1714
929 1853
929 2367
930 2595
931 2876
932 2948
934 2841
936 1677
937 1677
939 1677
941 1301
944 1301
944 1647
945 1368
945 1677
947 1677
950 1191
950 1924
951 1652
952 1677
953 1301
955 2976
957 2134
958 1121
958 1301
958 1496
958 1647
958 1791
959 1301
959 1714
960 1677
961 1049
961 1301
962 1677
964 1121
964 2595
966 1262
967 1301
968 1301
969 2595
971 1677
972 2779
974 2595
975 1853
976 1496
977 1262
978 1301
979 1677
980 2650
981 1380
983 2976
986 2595
987 1189
988 2595
989 2595
990 1496
991 2595
992 2595
993 1262
994 2595
995 1677
996 1677
997 1677
997 2779
998 1746
999 2134
1000 1262
1000 1496
1000 1647
1000 2567
1001 2595
1002 1677
1003 1301
1003 1496
1004 2976
1005 1368
1007 1496
1008 1262
1009 1380
1011 1677
1012 1647
1013 2683
1015 1301
1017 1496
1019 1677
1020 1496
1020 2595
1024 1496
1025 1301
1026 1677
1027 1496
1028 1301
1030 1562
1031 1496
1034 2967
1035 1434
1036 1262
1037 1496
1039 1496
1041 1301
1043 2595
1044 1677
1046 2134
1047 1301
1048 1496
1049 1796
1049 1825
1049 2322
1049 2557
1049 2623
1049 2658
1049 2842
1049 3126
1051 2976
1052 2976
1053 2976
1054 1677
1055 1677
1056 1677
1057 1301
1059 1496
1061 1407
1062 1677
1064 1714
1065 2595
1066 1677
1067 2595
1069 1301
1070 1496
1071 1677
1072 2595
1073 1714
1075 2761
1076 2595
1078 1301
1078 1496
1079 2595
1080 1714
1082 1853
1082 3020
1083 2841
1084 1677
1088 1266
1088 1935
1088 2393
1088 3070
1091 1677
1092 1301
1094 1677
1095 1677
1100 1570
1102 1496
1103 1677
1105 2976
1106 1301
1107 2683
1108 1301
1110 2346
1110 2409
1110 2417
1110 2430
1111 1562
1112 1301
1112 1496
1114 2595
1115 1301
1115 1714
1116 1647
1117 1496
1118 1677
1119 1677
1120 1262
1120 1301
1120 1496
1120 2595
1121 1647
1121 1853
1122 2779
1123 1688
1124 2595
1126 1496
1128 1301
1130 1301
1130 1496
1132 1496
1137 1677
1138 1301
1139 1677
1140 1677
1141 1677
1142 1496
1142 1522
1142 1945
1142 2296
1144 2976
1145 1301
1146 2976
1147 2650
1148 1154
1152 1496
1154 1215
1154 1499
1154 1515
1154 1647
1154 1661
1154 1792
1154 2028
1154 2060
1154 2098
1154 2199
1154 2226
1154 2300
1154 2417
1154 2418
1154 2629
1154 2726
1154 2758
1154 2768
1154 3055
1154 3062
1154 3118
1155 1301
1156 2367
1157 1677
1159 2134
1160 2683
1161 1647
1162 1496
1163 1710
1163 2279
1165 2683
1166 1677
1168 1791
1169 1381
1169 2595
1171 1677
1172 1301
1173 2134
1175 1647
1176 1301
1177 1301
1179 1301
1180 2134
1180 2650
1180 2976
1181 1677
1182 1677
1184 1677
1184 2134
1185 1262
1185 1301
1187 2779
1189 2758
1189 2872
1190 2779
1191 2976
1193 2841
1194 1677
1194 2976
1195 1496
1195 1714
1195 2876
1196 1677
1197 1301
1197 1496
1197 2595
1199 1301
1201 1496
1201 2595
1202 1301
1205 1496
1207 1562
1210 1647
1211 1368
1214 1677
1216 1777
1217 2976
1218 2595
1220 1301
1220 1939
1222 2595
1224 2134
1226 1301
1227 2876
1228 1233
1229 1714
1230 1301
1230 1357
1230 1714
1231 1647
1232 2056
1236 1496
1238 1850
1240 1496
1241 1301
1243 1601
1243 1763
1244 1496
1244 1647
1245 1714
1246 2595
1247 1949
1247 2036
1247 2149
1247 2708
1249 1301
1250 2876
1252 1647
1253 1677
1254 1677
1255 1301
1255 1496
1255 2595
1255 2876
1257 2976
1258 2067
1259 1928
1261 1661
1262 1264
1262 1273
1262 1300
1262 1305
1262 1363
1262 1417
1262 1463
1262 1528
1262 1540
1262 1662
1262 1772
1262 1847
1262 1884
1262 1908
1262 1914
1262 1996
1262 2020
1262 2116
1262 2203
1262 2311
1262 2340
1262 2353
1262 2427
1262 2468
1262 2488
1262 2569
1262 2665
1262 2814
1262 2828
1262 2834
1262 2878
1262 2879
1262 2943
1262 2950
1262 2991
1262 3081
1262 3083
1262 3121
1263 1301
1263 1714
1265 2595
1267 1677
1268 1368
1269 1301
1269 1496
1269 1714
1270 1677
1271 1647
1273 1451
1273 1496
1275 2595
1276 1677
1278 1301
1278 1496
1280 1496
1281 1301
1281 1496
1281 1791
1283 1496
1291 1301
1292 1301
1295 1677
1296 1794
1297 2493
1297 2976
1298 2134
1299 1496
1300 2595
1301 1315
1301 1322
1301 1336
1301 1337
1301 1341
1301 1347
1301 1354
1301 1362
1301 1363
1301 1365
1301 1366
1301 1367
1301 1379
1301 1388
1301 1389
1301 1396
1301 1406
1301 1411
1301 1418
1301 1419
1301 1426
1301 1429
1301 1463
1301 1468
1301 1474
1301 1482
1301 1483
1301 1489
1301 1495
1301 1496
1301 1498
1301 1499
1301 1522
1301 1530
1301 1548
1301 1551
1301 1553
1301 1556
1301 1561
1301 1564
1301 1565
1301 1567
1301 1575
1301 1585
1301 1591
1301 1592
1301 1601
1301 1607
1301 1616
1301 1644
1301 1649
1301 1651
1301 1654
1301 1665
1301 1666
1301 1667
1301 1672
1301 1681
1301 1692
1301 1700
1301 1703
1301 1719
1301 1726
1301 1731
1301 1734
1301 1750
1301 1752
1301 1755
1301 1760
1301 1762
1301 1763
1301 1768
1301 1772
1301 1774
1301 1780
1301 1783
1301 1790
1301 1791
1301 1795
1301 1799
1301 1806
1301 1821
1301 1833
1301 1835
1301 1836
1301 1840
1301 1848
1301 1861
1301 1864
1301 1866
1301 1868
1301 1869
1301 1873
1301 1875
1301 1881
1301 1884
1301 1885
1301 1895
1301 1905
1301 1913
1301 1919
1301 1931
1301 1938
1301 1942
1301 1952
1301 1959
1301 1967
1301 1981
1301 1983
1301 1992
1301 1993
1301 2019
1301 2026
1301 2028
1301 2031
1301 2033
1301 2036
1301 2041
1301 2059
1301 2061
1301 2074
1301 2082
1301 2093
1301 2117
1301 2124
1301 2125
1301 2152
1301 2154
1301 2159
1301 2178
1301 2179
1301 2181
1301 2182
1301 2187
1301 2196
1301 2199
1301 2202
1301 2206
1301 2213
1301 2216
1301 2232
1301 2233
1301 2235
1301 2237
1301 2254
1301 2259
1301 2261
1301 2265
1301 2266
1301 2275
1301 2284
1301 2293
1301 2294
1301 2308
1301 2313
1301 2314
1301 2316
1301 2337
1301 2343
1301 2348
1301 2359
1301 2361
1301 2364
1301 2368
1301 2370
1301 2378
1301 2384
1301 2395
1301 2397
1301 2401
1301 2403
1301 2404
1301 2422
1301 2423
1301 2427
1301 2435
1301 2436
1301 2442
1301 2444
1301 2450
1301 2464
1301 2467
1301 2475
1301 2489
1301 2491
1301 2497
1301 2511
1301 2519
1301 2520
1301 2546
1301 2549
1301 2561
1301 2562
1301 2565
1301 2569
1301 2580
1301 2582
1301 2587
1301 2611
1301 2613
1301 2618
1301 2619
1301 2621
1301 2622
1301 2628
1301 2645
1301 2646
1301 2653
1301 2654
1301 2656
1301 2658
1301 2660
1301 2661
1301 2665
1301 2680
1301 2684
1301 2689
1301 2692
1301 2694
1301 2696
1301 2697
1301 2698
1301 2716
1301 2718
1301 2719
1301 2721
1301 2741
1301 2745
1301 2749
1301 2753
1301 2770
1301 2772
1301 2774
1301 2781
1301 2793
1301 2794
1301 2795
1301 2800
1301 2805
1301 2808
1301 2809
1301 2831
1301 2833
1301 2837
1301 2841
1301 2857
1301 2859
1301 2863
1301 2882
1301 2884
1301 2893
1301 2894
1301 2902
1301 2910
1301 2918
1301 2924
1301 2929
1301 2930
1301 2935
1301 2939
1301 2954
1301 2956
1301 2957
1301 2962
1301 2963
1301 2988
1301 2997
1301 2999
1301 3003
1301 3009
1301 3016
1301 3029
1301 3032
1301 3033
1301 3035
1301 3038
1301 3041
1301 3045
1301 3047
1301 3048
1301 3049
1301 3053
1301 3056
1301 3066
1301 3070
1301 3072
1301 3078
1301 3093
1301 3097
1301 3105
1301 3107
1301 3111
1301 3112
1301 3114
1301 3124
1301 3129
1301 3132
1301 3139
1301 3141
1301 3143
1302 2761
1303 1677
1304 2595
1305 1647
1306 1481
1306 2595
1309 2595
1312 2779
1316 2595
1317 1677
1317 2146
1317 2976
1318 2045
1319 2595
1321 1496
1322 1496
1322 1647
1322 1714
1322 1853
1323 1562
1326 1380
1328 2595
1330 2779
1331 1368
1331 1677
1331 2976
1335 1496
1338 2650
1339 1368
1342 1496
1343 2779
1346 2779
1348 1677
1348 2976
1349 2595
1352 1562
1353 1677
1353 2976
1355 1677
1356 1946
1357 1974
1357 2481
1357 2504
1358 1677
1360 1368
1361 1496
1363 1496
1363 1661
1364 2567
1367 2595
1368 1369
1368 1723
1368 1769
1368 1819
1368 1894
1368 2052
1368 2134
1368 2193
1368 2333
1368 2490
1368 2944
1368 3096
1370 2650
1370 2976
1372 2134
1374 2595
1376 1656
1378 2134
1379 1714
1380 1453
1380 1544
1380 1554
1380 1713
1380 1795
1380 1856
1380 1867
1380 1963
1380 2062
1380 2246
1380 2431
1380 2560
1380 2561
1380 2708
1380 2729
1380 2997
1380 3082
1381 1395
1381 1464
1381 1809
1381 1919
1381 2005
1381 2101
1381 2223
1381 2301
1381 2412
1381 2649
1381 2769
1381 2989
1382 2367
1382 2595
1383 1496
1385 1677
1386 1496
1389 2595
1390 1496
1390 1661
1390 2876
1392 1562
1394 1647
1398 2976
1399 1677
1400 2086
1401 1496
1402 2976
1405 1647
1407 1496
1407 1567
1407 1795
1407 2007
1407 2443
1407 2455
1407 2595
1407 2709
1407 2862
1407 2883
1407 2985
1407 3036
1407 3078
1408 2650
1410 2493
1410 2976
1411 1853
1411 2876
1413 2779
1414 2595
1415 1677
1416 2876
1417 1481
1417 1714
1417 2567
1420 2976
1424 1647
1425 2595
1427 2876
1432 1562
1434 1492
1434 2006
1434 2096
1435 2976
1436 1677
1437 2976
1438 1677
1440 2134
1442 2976
1445 1677
1446 1677
1447 1677
1452 2841
1453 2367
1454 1677
1459 2976
1460 1647
1460 1868
1461 2779
1465 2976
1466 1496
1468 1496
1471 1496
1472 1791
1475 1562
1476 1647
1476 1674
1476 2599
1476 2982
1477 2976
1478 1496
1478 2318
1479 1653
1480 2595
1481 1496
1481 1568
1481 1572
1481 1895
1481 1964
1481 2044
1481 2150
1481 2186
1481 2198
1481 2209
1481 2255
1481 2364
1481 2383
1481 2504
1481 2856
1481 2876
1481 2985
1481 3020
1484 1677
1485 1714
1486 2976
1487 1677
1488 1850
1488 2650
1490 2831
1491 2595
1494 1677
1496 1514
1496 1515
1496 1517
1496 1548
1496 1551
1496 1556
1496 1561
1496 1567
1496 1581
1496 1582
1496 1585
1496 1593
1496 1598
1496 1599
1496 1601
1496 1605
1496 1607
1496 1610
1496 1616
1496 1626
1496 1642
1496 1647
1496 1649
1496 1654
1496 1661
1496 1665
1496 1671
1496 1685
1496 1691
1496 1698
1496 1701
1496 1711
1496 1712
1496 1715
1496 1726
1496 1732
1496 1745
1496 1773
1496 1774
1496 1788
1496 1793
1496 1804
1496 1805
1496 1813
1496 1822
1496 1832
1496 1834
1496 1836
1496 1837
1496 1843
1496 1863
1496 1870
1496 1877
1496 1879
1496 1883
1496 1884
1496 1892
1496 1901
1496 1937
1496 1962
1496 1967
1496 1977
1496 1991
1496 1994
1496 2000
1496 2004
1496 2011
1496 2019
1496 2026
1496 2037
1496 2048
1496 2049
1496 2066
1496 2080
1496 2081
1496 2089
1496 2093
1496 2099
1496 2116
1496 2123
1496 2136
1496 2142
1496 2145
1496 2147
1496 2148
1496 2150
1496 2160
1496 2176
1496 2178
1496 2181
1496 2185
1496 2186
1496 2190
1496 2203
1496 2204
1496 2216
1496 2232
1496 2233
1496 2248
1496 2253
1496 2261
1496 2274
1496 2275
1496 2281
1496 2282
1496 2285
1496 2288
1496 2289
1496 2290
1496 2296
1496 2300
1496 2312
1496 2315
1496 2327
1496 2330
1496 2332
1496 2343
1496 2368
1496 2387
1496 2391
1496 2404
1496 2405
1496 2410
1496 2418
1496 2419
1496 2422
1496 2429
1496 2437
1496 2439
1496 2445
1496 2455
1496 2459
1496 2472
1496 2479
1496 2485
1496 2489
1496 2538
1496 2547
1496 2548
1496 2554
1496 2556
1496 2579
1496 2581
1496 2587
1496 2593
1496 2604
1496 2612
1496 2620
1496 2627
1496 2656
1496 2658
1496 2667
1496 2669
1496 2676
1496 2691
1496 2693
1496 2716
1496 2717
1496 2728
1496 2730
1496 2741
1496 2755
1496 2756
1496 2757
1496 2758
1496 2763
1496 2771
1496 2776
1496 2797
1496 2800
1496 2801
1496 2819
1496 2820
1496 2835
1496 2840
1496 2852
1496 2884
1496 2887
1496 2902
1496 2903
1496 2907
1496 2912
1496 2913
1496 2927
1496 2933
1496 2941
1496 2942
1496 2943
1496 2952
1496 2956
1496 2968
1496 2975
1496 2978
1496 2980
1496 2984
1496 2985
1496 2991
1496 2994
1496 2997
1496 3003
1496 3007
1496 3009
1496 3017
1496 3023
1496 3026
1496 3044
1496 3052
1496 3055
1496 3058
1496 3060
1496 3064
1496 3067
1496 3073
1496 3084
1496 3089
1496 3093
1496 3116
1497 2779
1500 2567
1502 1677
1505 2976
1506 2650
1507 1562
1508 1791
1509 1677
1510 1791
1511 2595
1512 1656
1519 2493
1519 2976
1521 1714
1522 1699
1522 1853
1522 2247
1522 2339
1522 2629
1535 2841
1537 2483
1538 2876
1541 2976
1542 1677
1543 1677
1546 2134
1547 1677
1548 2595
1549 2134
1553 2595
1555 1677
1556 2786
1558 1714
1559 1562
1560 2777
1561 1647
1561 1661
1561 2567
1562 1602
1562 1646
1562 1888
1562 2018
1562 2156
1562 2250
1562 2396
1562 2417
1562 2454
1562 2533
1562 2595
1562 2687
1562 2804
1562 2846
1562 2875
1562 2992
1563 1677
1564 2595
1567 1647
1567 2595
1568 2595
1572 2595
1574 2120
1576 1677
1584 1647
1586 2779
1594 2779
1595 2595
1596 2134
1596 2683
1600 2134
1601 1647
1601 2595
1601 2876
1602 1647
1602 2367
1602 2595
1603 1677
1604 2567
1605 1714
1606 2567
1609 2134
1611 2338
1612 2595
1613 2650
1613 2779
1614 2595
1615 1677
1616 1647
1616 2595
1618 1677
1620 2595
1622 2779
1625 1677
1628 1677
1629 2595
1631 2876
1634 1677
1634 2779
1634 2976
1635 2650
1635 2976
1636 2595
1637 2876
1638 2567
1638 2841
1645 2650
1647 1652
1647 1656
1647 1687
1647 1689
1647 1701
1647 1733
1647 1739
1647 1772
1647 1776
1647 1787
1647 1795
1647 1813
1647 1845
1647 1853
1647 1856
1647 1858
1647 1884
1647 1909
1647 1944
1647 1975
1647 2025
1647 2027
1647 2036
1647 2054
1647 2076
1647 2092
1647 2098
1647 2099
1647 2178
1647 2186
1647 2205
1647 2230
1647 2269
1647 2290
1647 2300
1647 2331
1647 2341
1647 2399
1647 2401
1647 2417
1647 2458
1647 2470
1647 2483
1647 2520
1647 2522
1647 2553
1647 2565
1647 2572
1647 2589
1647 2593
1647 2639
1647 2654
1647 2665
1647 2676
1647 2703
1647 2721
1647 2733
1647 2781
1647 2787
1647 2792
1647 2802
1647 2809
1647 2810
1647 2841
1647 2867
1647 2876
1647 2883
1647 2898
1647 2925
1647 2937
1647 2946
1647 2953
1647 2966
1647 2997
1647 3039
1647 3061
1647 3067
1647 3091
1647 3098
1647 3125
1650 1714
1652 1868
1652 2876
1656 1853
1656 2153
1656 2574
1658 1677
1659 1677
1660 1684
1660 1853
1660 2595
1661 1701
1661 1726
1661 1788
1661 2028
1661 2098
1661 2158
1661 2265
1661 2387
1661 2417
1661 2550
1661 2587
1661 2628
1661 2641
1661 2672
1661 2758
1661 2876
1661 2902
1661 2961
1661 3046
1661 3062
1663 2595
1664 1677
1668 1677
1669 1677
1673 2824
1675 1677
1676 1677
1677 1679
1677 1694
1677 1696
1677 1707
1677 1738
1677 1747
1677 1749
1677 1753
1677 1754
1677 1757
1677 1759
1677 1782
1677 1784
1677 1797
1677 1830
1677 1831
1677 1844
1677 1846
1677 1912
1677 1915
1677 1917
1677 1926
1677 1934
1677 1940
1677 1953
1677 1954
1677 1971
1677 1978
1677 1982
1677 1985
1677 1995
1677 2013
1677 2046
1677 2051
1677 2070
1677 2073
1677 2085
1677 2090
1677 2109
1677 2121
1677 2122
1677 2155
1677 2165
1677 2174
1677 2184
1677 2194
1677 2210
1677 2218
1677 2220
1677 2224
1677 2225
1677 2227
1677 2228
1677 2239
1677 2241
1677 2251
1677 2273
1677 2295
1677 2319
1677 2320
1677 2323
1677 2325
1677 2328
1677 2329
1677 2352
1677 2369
1677 2371
1677 2372
1677 2375
1677 2420
1677 2434
1677 2462
1677 2473
1677 2478
1677 2480
1677 2494
1677 2516
1677 2523
1677 2529
1677 2530
1677 2532
1677 2537
1677 2543
1677 2559
1677 2568
1677 2575
1677 2591
1677 2596
1677 2603
1677 2610
1677 2614
1677 2631
1677 2657
1677 2662
1677 2671
1677 2675
1677 2702
1677 2710
1677 2714
1677 2746
1677 2747
1677 2775
1677 2800
1677 2826
1677 2832
1677 2836
1677 2839
1677 2860
1677 2868
1677 2908
1677 2909
1677 2955
1677 2959
1677 2964
1677 2986
1677 3008
1677 3012
1677 3059
1677 3068
1677 3076
1677 3077
1677 3100
1677 3102
1677 3110
1677 3128
1677 3130
1677 3134
1677 3135
1678 1776
1678 2595
1678 2930
1681 2595
1682 1714
1688 1722
1688 2366
1688 2659
1688 3095
1690 2876
1692 2876
1693 2831
1699 1945
1699 2715
1702 1853
1704 2595
1705 2976
1708 2841
1711 2831
1714 1786
1714 1824
1714 1852
1714 1868
1714 2047
1714 2054
1714 2116
1714 2128
1714 2129
1714 2243
1714 2256
1714 2289
1714 2367
1714 2417
1714 2428
1714 2430
1714 2496
1714 2552
1714 2598
1714 2634
1714 2725
1714 2760
1714 2850
1714 2872
1714 2879
1714 2919
1714 2982
1714 2997
1714 3045
1714 3056
1714 3144
1716 1853
1718 2650
1719 2359
1720 1850
1720 2650
1720 2779
1720 2976
1721 2761
1724 2779
1728 1850
1730 2595
1735 2841
1739 2567
1739 2595
1741 2134
1743 2876
1748 2595
1764 2876
1767 2664
1773 1853
1773 2595
1776 2595
1776 2876
1777 1800
1777 1918
1783 1853
1787 1853
1789 1853
1791 1988
1791 2461
1791 2502
1791 2712
1791 2737
1791 2792
1791 2845
1791 2882
1791 2938
1791 2943
1791 2947
1791 3029
1803 2761
1805 2595
1812 2595
1814 2134
1817 2976
1820 2134
1827 2134
1828 2976
1833 2595
1839 2761
1841 2595
1842 2595
1850 1958
1850 1966
1850 2577
1850 2940
1851 2976
1853 1977
1853 2026
1853 2242
1853 2247
1853 2367
1853 2429
1853 2438
1853 2451
1853 2454
1853 2466
1853 2488
1853 2521
1853 2524
1853 2595
1853 2651
1853 2896
1853 2997
1853 3020
1853 3027
1853 3037
1855 2650
1856 2595
1856 2876
1859 2683
1860 2595
1868 2876
1872 2779
1880 2134
1893 2595
1895 2567
1896 2976
1898 2779
1899 2876
1906 2595
1907 2976
1916 2134
1920 2595
1921 2595
1924 2023
1924 2976
1925 2650
1927 2595
1930 2595
1933 2134
1936 2134
1938 1949
1942 2595
1943 2595
1945 2041
1945 2226
1945 2838
1945 2934
1947 2683
1948 2976
1950 2976
1951 2595
1952 2708
1952 2739
1952 3119
1956 2595
1960 2595
1961 2359
1966 2976
1969 2976
1970 2595
1986 2779
1989 2200
1997 2976
1998 2595
2005 2595
2006 2595
2007 2761
2009 2595
2009 2948
2020 2567
2028 2876
2029 2708
2030 2595
2032 2595
2035 2650
2035 2976
2036 2876
2038 2976
2039 2841
2040 2181
2040 2182
2042 2595
2042 2876
2043 2779
2048 2595
2050 2779
2053 2650
2054 2761
2054 2841
2055 2779
2064 2595
2067 2650
2067 2976
2068 2976
2069 2219
2073 2779
2074 2595
2077 2595
2081 2595
2082 2595
2084 2976
2086 2762
2087 2976
2091 2595
2097 2976
2098 2621
2098 2830
2104 2976
2113 2976
2115 2976
2116 2595
2119 2779
2127 2493
2130 2779
2131 2831
2132 2134
2133 2595
2134 2169
2134 2172
2134 2222
2134 2374
2134 2392
2134 2407
2134 2453
2134 2456
2134 2592
2134 2663
2134 2704
2134 2706
2134 2746
2134 2821
2134 2829
2134 2854
2134 2877
2134 2923
2134 2995
2134 3010
2134 3099
2134 3101
2140 2567
2140 2595
2146 2976
2151 2779
2157 2595
2162 2779
2163 2976
2166 2876
2172 2779
2175 2779
2177 2976
2181 2182
2181 3005
2182 3005
2186 2567
2189 2976
2197 2650
2207 2493
2207 2976
2211 2454
2212 2779
2215 2664
2217 2595
2229 2764
2238 2976
2245 2650
2250 2876
2260 2876
2262 2595
2263 2779
2264 2595
2276 2876
2278 2595
2296 2629
2296 2941
2309 2595
2317 2595
2318 2458
2324 2841
2329 2683
2334 2976
2343 2595
2343 2876
2346 2948
2349 2664
2350 2595
2355 2779
2359 2533
2360 2650
2362 2841
2365 2595
2367 2997
2371 2779
2373 2595
2377 2976
2379 2595
2382 2595
2406 2779
2409 2876
2411 2595
2411 2841
2413 2779
2414 2595
2415 2567
2417 2764
2417 2876
2417 3024
2418 2544
2418 2876
2422 2595
2424 2664
2426 2567
2427 2595
2432 2976
2433 2708
2454 2595
2454 3109
2460 2595
2465 2658
2468 2595
2468 2876
2472 2595
2474 2595
2484 2671
2484 3013
2485 2595
2492 2595
2493 2682
2493 3011
2493 3057
2498 2976
2499 2764
2500 2595
2506 2996
2507 2876
2510 2779
2514 2683
2515 2779
2517 2595
2518 2683
2526 2595
2527 2976
2528 2779
2531 2876
2551 2976
2558 2976
2564 2650
2567 2666
2567 2679
2567 2686
2567 2750
2567 2979
2567 3080
2567 3081
2570 2595
2571 2595
2582 2595
2582 2841
2586 2650
2587 2595
2587 2876
2588 2841
2595 2597
2595 2616
2595 2625
2595 2628
2595 2636
2595 2651
2595 2653
2595 2668
2595 2678
2595 2681
2595 2684
2595 2691
2595 2699
2595 2709
2595 2713
2595 2722
2595 2724
2595 2729
2595 2731
2595 2742
2595 2743
2595 2744
2595 2754
2595 2759
2595 2781
2595 2787
2595 2788
2595 2796
2595 2799
2595 2800
2595 2803
2595 2805
2595 2807
2595 2809
2595 2815
2595 2833
2595 2844
2595 2869
2595 2876
2595 2888
2595 2917
2595 2931
2595 2943
2595 2949
2595 2958
2595 2965
2595 2973
2595 2990
2595 2997
2595 3000
2595 3009
2595 3032
2595 3079
2595 3086
2595 3088
2595 3094
2595 3107
2595 3108
2608 2876
2615 2976
2626 2841
2632 2876
2633 2896
2635 2650
2640 2779
2642 2683
2650 2714
2650 2778
2650 2779
2650 2848
2650 2866
2650 2976
2651 2841
2655 2683
2658 2900
2658 3024
2664 2671
2664 2683
2664 2891
2664 2976
2674 2876
2676 2876
2679 2708
2683 2784
2683 2864
2683 2870
2683 2936
2683 2976
2685 2976
2695 2841
2701 2841
2703 3030
2708 2831
2712 2841
2717 2761
2723 2779
2723 2976
2740 2779
2748 2779
2752 2976
2761 2961
2761 2971
2761 3026
2765 2841
2766 2970
2774 3024
2778 2779
2779 2816
2779 2849
2779 2890
2779 2911
2779 2976
2779 3004
2792 2841
2811 2876
2813 2841
2818 2831
2831 3019
2841 2920
2841 3021
2841 3034
2841 3040
2841 3098
2851 2976
2855 2876
2876 2899
2876 2916
2876 2961
2876 2991
2876 2997
2876 3031
2876 3042
2876 3051
2876 3062
2886 2976
2897 2977
2909 2976
2926 3131
2972 2976
2976 2981
2976 2986
2976 3015
2976 3043
2976 3133
2976 3136
2997 3024
2997 3109
3020 3031
3024 3071
