0 -0.093757756
1 -0.5322824
2 0.7452051
3 -0.57689005
4 -0.6062051
5 0.9465232
6 -0.4759854
7 -0.8602593
8 -0.58958536
9 -0.53247726
10 -0.07326479
11 -0.64378726
12 -0.74290663
13 0.027547967
14 -0.41067484
15 -0.22177777
16 -0.95809656
17 0.6321211
18 -0.56992096
19 -0.64799684
20 -0.5528214
21 -0.41778103
22 -0.40197137
23 -0.3364698
24 -0.8229881
25 -0.70935106
26 -0.74714434
27 0.25924823
28 -0.70576143
29 -0.7366265
30 -0.14608027
31 -0.38272157
32 -0.2944977
33 -0.24533941
34 0.46239245
35 -0.0026874538
36 -0.52615374
37 -0.7493131
38 -0.9268251
39 -0.35965997
40 -0.5135866
41 0.53389597
42 0.05768702
43 -0.53584003
44 0.1826667
45 -0.28396654
46 -0.3934918
47 1.2496551
48 -0.31298524
49 -0.41561332
50 -0.68028444
51 -0.06788335
52 0.0106893405
53 -0.2687881
54 -0.003384309
55 -0.23010716
56 0.43079334
57 -0.22273822
58 -0.89120966
59 -0.7180094
60 -0.55625963
61 -0.6005205
62 -0.42187208
63 -0.963318
64 -0.63207734
65 1.2572479
66 -0.41164386
67 -0.22594246
68 -0.7873599
69 -0.5045582
70 -0.48073572
71 -0.48683402
72 -0.47736475
73 -0.25269225
74 -0.7127148
75 -0.11845415
76 -0.32795364
77 -0.25713003
78 -0.17972194
79 0.30726716
80 -0.9252574
81 0.49784103
82 -0.6268796
83 -0.045081284
84 -0.41527146
85 -0.14227033
86 0.76229703
87 -0.53428584
88 -0.3823121
89 -0.20576559
90 -0.027764026
91 -1.1001313
92 -0.63344395
93 -0.079099074
94 -0.67545
95 -0.85166126
96 -0.47367516
97 -0.81532055
98 -0.16133134
99 -0.07200404
100 -0.21578218
101 -0.60575736
102 -0.11000436
103 -0.12517998
104 -0.5434019
105 -0.7743746
106 -0.81951874
107 -0.6889672
108 -0.30001348
109 0.5924395
110 -0.8870171
111 -0.73494273
112 -0.090247035
113 -0.7683084
114 0.5560406
115 -0.5232786
116 -0.3930267
117 0.30145296
118 -0.6675699
119 -0.2859192
120 -1.1102566
121 0.258203
122 -0.93307215
123 -0.50456977
124 -0.3361926
125 -0.5383105
126 -0.115834504
127 -0.47463483
128 -0.57135004
129 -0.107869476
130 0.2596435
131 -0.45181802
132 -0.2829683
133 -0.76827115
134 -0.230721
135 -0.3016422
136 0.7164452
137 -0.10112843
138 -0.3107759
139 0.104511596
140 -0.52362484
141 -0.7746247
142 -0.63420385
143 -0.711746
144 -0.5997397
145 -0.41023853
146 -0.16696016
147 -0.14160468
148 -0.46101248
149 -0.94232553
150 -0.44388273
151 -0.8057044
152 -0.3845747
153 -0.6108018
154 -0.6974164
155 -0.62353843
156 -0.33057272
157 0.002767336
158 0.45565733
159 -0.646127
160 -0.69924283
161 -0.3335489
162 -0.64746183
163 0.64131516
164 0.8253634
165 0.37753177
166 -0.6256136
167 -0.41472146
168 -0.5510619
169 -0.35909814
170 0.54109997
171 -0.786833
172 -0.9197359
173 -0.562311
174 1.1342468
175 -0.5702954
176 0.10784939
177 -0.49774367
178 -0.3620913
179 -0.24608311
180 -0.74298286
181 -0.5540726
182 -0.12951183
183 -0.78013
184 0.16233519
185 -0.5873142
186 -0.654052
187 -0.66000295
188 -0.19813164
189 -0.7201925
190 -0.95546246
191 -0.51560056
192 -0.32611164
193 -0.08984717
194 -0.17573763
195 -0.033849254
196 -0.6058974
197 -0.41595688
198 0.3597516
199 1.38585
200 -0.63635767
201 -0.87842447
202 -0.3568945
203 -0.71590143
204 -0.44285586
205 -0.34514228
206 -0.5571611
207 -0.45769227
208 -0.76240444
209 -0.66054076
210 -0.22580703
211 -0.53102595
212 -0.72523564
213 -0.58513165
214 -0.2570749
215 -0.8937063
216 -0.81413394
217 -0.683819
218 -0.40707144
219 -0.47001046
220 -0.09494951
221 -0.961479
222 -0.36896396
223 -0.20224154
224 -0.3067981
225 -0.3382165
226 -0.9037683
227 -0.5684787
228 -0.71249944
229 -0.3232415
230 -0.5991
231 -0.5454927
232 0.07596794
233 -1.3081055
234 -0.3746201
235 -0.0058941785
236 -0.7977455
237 -0.93941295
238 -0.46549714
239 -0.40210962
240 -0.5191247
241 -0.037119426
242 -0.17081669
243 -0.69066334
244 -0.573326
245 -0.9254235
246 0.86192524
247 -0.58492297
248 -0.83963406
249 0.48060486
250 -0.50805825
251 -0.9538205
252 -0.74098784
253 -0.3732097
254 -0.8570124
255 1.2196267
256 -0.45069063
257 -0.75168025
258 -0.26853207
259 -0.00019268575
260 -1.1082408
261 -0.4848365
262 -0.25537938
263 -0.6083657
264 -1.2266994
265 -0.6770449
266 -0.34122905
267 -0.19886123
268 -0.46364528
269 0.46587294
270 -0.7385977
271 -0.334161
272 -0.50057334
273 -0.91012734
274 -0.3309019
275 -0.27128324
276 -0.63952184
277 -0.54840624
278 -1.0111212
279 -0.40694553
280 -0.63128495
281 -0.563773
282 -0.14970258
283 -0.85949284
284 -1.0272993
285 -0.47464997
286 0.116865374
287 -0.829669
288 -0.2607265
289 -0.97007924
290 0.7441774
291 -0.8454728
292 -0.1838344
293 -1.08211
294 -0.3628685
295 -0.69357276
296 -0.28352407
297 0.032947324
298 -0.3506449
299 -0.5060282
300 -0.19975297
301 -0.57582587
302 -0.58531886
303 -0.28024608
304 -0.64077693
305 -0.49246806
306 -0.8187619
307 -0.21970934
308 -0.37217945
309 -0.34572324
310 -0.6036506
311 -0.49236038
312 -0.20635816
313 -0.62619054
314 0.5419486
315 -0.1733283
316 -0.070211716
317 -0.0022946736
318 -0.6743306
319 0.29919136
320 -0.62298304
321 -0.6557242
322 -0.1377935
323 -0.41181687
324 -0.48465836
325 -0.009214746
326 1.1316077
327 -0.25641897
328 -0.20276625
329 -0.9563338
330 -0.4040952
331 -0.7869526
332 -0.93331534
333 -0.41938397
334 -0.50099915
335 -0.17872606
336 -0.09560435
337 -0.4504132
338 -0.77013326
339 -0.53379667
340 -0.2103453
341 -0.33883432
342 -0.6622844
343 -0.26904225
344 -0.5030605
345 -0.48515502
346 -0.43929654
347 -0.72676635
348 1.2075624
349 -0.35250556
350 -0.7039624
351 -0.34255838
352 -0.01385978
353 0.20277096
354 0.060218453
355 0.6622073
356 0.08247698
357 -1.117785
358 0.2612466
359 -0.5956595
360 -0.35307568
361 -0.67535836
362 -0.59893
363 -0.05993787
364 -0.71626604
365 -0.5864734
366 -0.078313544
367 0.19238305
368 -0.5470523
369 0.11997348
370 -0.595294
371 -0.77000624
372 -0.20408462
373 -0.17826699
374 0.168319
375 1.0506139
376 -0.23417465
377 -0.34735435
378 0.088330254
379 -0.43558848
380 -0.7085053
381 0.37358633
382 -0.5894284
383 -0.27009398
384 -0.6230542
385 -0.8404729
386 0.89036417
387 -1.4976413
388 0.10925767
389 -0.89740103
390 0.063436165
391 -0.7602934
392 -0.123411566
393 -0.18511158
394 -0.54911095
395 0.41222495
396 -0.4947962
397 -0.3669077
398 -0.60272455
399 -0.84442514
400 -0.42942992
401 -0.46795404
402 -0.30846813
403 -0.66914016
404 -1.1343135
405 -0.5247386
406 0.10824414
407 -0.50068
408 -0.59901094
409 -0.6222488
410 -0.088156655
411 0.14483076
412 -0.29389194
413 1.1799709
414 -0.5725314
415 -0.5215498
416 -0.2757849
417 -0.2665129
418 -0.13490391
419 0.24104936
420 -0.5553783
421 -0.31100318
422 -0.74185187
423 -0.7034989
424 -0.19530512
425 0.32569993
426 -0.5473084
427 0.0948547
428 -0.42314547
429 0.42134538
430 -0.16317192
431 0.35740528
432 0.12568171
433 0.10761355
434 -1.0528463
435 -0.99652815
436 0.81979483
437 -0.48179418
438 -0.7376059
439 -0.6216159
440 -0.16360973
441 -0.43434057
442 -0.37698066
443 -0.6472868
444 -0.255942
445 -0.8971541
446 0.4749964
447 -0.25384998
448 -1.005598
449 -0.5944085
450 -0.27069
451 -0.38642487
452 0.008495191
453 -0.36203304
454 0.03804492
455 -0.7528667
456 0.34473896
457 0.5325088
458 -0.028853668
459 -0.071012475
460 -0.5390441
461 0.04800864
462 -0.7067694
463 -0.3901314
464 -0.28787374
465 -1.0829282
466 -0.37810627
467 -0.8815394
468 -0.3639058
469 -0.10889642
470 0.9714537
471 -0.51608056
472 -0.62872434
473 -0.29438445
474 -0.9650713
475 -0.2618333
476 -0.5736716
477 -0.6942057
478 -0.45878354
479 -0.55055594
480 -0.559838
481 -0.2983094
482 -0.33536875
483 -0.99351245
484 0.6927144
485 -0.56708795
486 -0.50272024
487 -0.7645563
488 -0.42126232
489 -0.7748752
490 -0.961524
491 -0.05445188
492 -0.2329275
493 -0.5024825
494 -0.21011677
495 0.64059776
496 0.007326319
497 -0.44414887
498 -0.86246383
499 -0.48400006
500 -0.49870777
501 -0.551875
502 -0.44426003
503 -0.66483676
504 -0.8034932
505 -0.66016674
506 -1.1548574
507 0.8902624
508 -0.29144704
509 -0.62878174
510 -0.3111037
511 -0.47188497
512 -0.86519164
513 -0.47920543
514 -0.38519472
515 -0.46131763
516 0.07566583
517 -0.43557745
518 -0.082447626
519 -0.23852511
520 -0.21035849
521 -0.5106954
522 -1.0252897
523 0.042154446
524 -0.59681594
525 -0.2163132
526 -0.58773667
527 0.1774982
528 -0.4738858
529 -0.39631575
530 -0.55012155
531 -0.30842698
532 -0.47011986
533 -0.61090475
534 -0.4705521
535 -0.7963377
536 -0.96622485
537 -0.41027504
538 -0.5949807
539 -0.36793447
540 -0.21513787
541 -0.21631303
542 -0.15860254
543 -0.6198184
544 -0.7719311
545 0.64863455
546 -0.8470704
547 -1.0133365
548 -1.1698684
549 -0.5594628
550 -0.9128168
551 -0.6287455
552 -0.46432287
553 -1.1156677
554 -0.3845537
555 -0.27713332
556 -0.45258224
557 -0.99210256
558 -0.41640908
559 -0.9468543
560 -0.31624317
561 -0.63088936
562 -0.79834414
563 -0.30998802
564 0.015682217
565 -0.64527667
566 -1.0474981
567 -0.015837505
568 -0.8253073
569 -0.25273538
570 -0.8884225
571 0.015851138
572 0.35934797
573 -0.5214482
574 -0.16653208
575 -0.5585387
576 -0.4562504
577 -0.51373166
578 -0.07061792
579 0.19106174
580 0.020492362
581 0.22224385
582 -0.49066755
583 0.65819013
584 -0.47449347
585 -0.5908488
586 -0.32297078
587 -0.40844297
588 -0.98504597
589 -0.10800949
590 -0.6037035
591 -0.20508774
592 -1.0030808
593 -1.1042155
594 -0.6240258
595 -0.3912297
596 -0.8791133
597 -0.13821067
598 -0.4618229
599 -0.60997725
600 -0.548861
601 -0.16594805
602 -0.114251465
603 -0.35042128
604 -0.7541641
605 -0.16958041
606 -1.5220778
607 -0.50342774
608 -0.123135954
609 -0.23369253
610 0.5404729
611 -0.26311895
612 -1.01508
613 -0.38631344
614 -0.17785989
615 -0.8181368
616 0.0094864555
617 -0.6094821
618 -0.13997224
619 -0.5637218
620 -0.5788391
621 0.1685891
622 -0.88758534
623 -0.18937884
624 -0.39676532
625 -0.10209581
626 -0.13519001
627 -0.26848704
628 -0.20198135
629 -0.32134205
630 0.0028712905
631 -0.45058957
632 0.07561264
633 -0.21783195
634 -0.4959802
635 -0.14596912
636 -0.20891765
637 -0.3150147
638 -0.4600279
639 -0.37046552
640 -0.9881873
641 -0.27447194
642 -0.40734422
643 -0.13315988
644 0.29822436
645 0.5082486
646 0.8311224
647 -0.14603925
648 -0.4409614
649 -0.44830012
650 -0.4482559
651 -0.006845352
652 -0.8322377
653 -0.22197048
654 -0.7414256
655 -0.8179369
656 0.036624752
657 -0.5110768
658 -0.4998874
659 -0.30734706
660 -0.7932714
661 0.93971574
662 -0.60781854
663 0.64363146
664 -0.090365
665 0.35253817
666 -0.07561914
667 1.2781065
668 -0.5966982
669 -0.8427823
670 -0.26933432
671 -0.323951
672 -0.1907886
673 -0.35299647
674 -0.2793887
675 0.022129914
676 -0.15354967
677 -0.69691545
678 -0.464448
679 -0.49238542
680 -0.849932
681 -0.82376397
682 0.3003459
683 -1.1078769
684 -0.32471454
685 -0.778645
686 0.12543449
687 -0.56537706
688 0.7866392
689 -0.008388404
690 0.47100616
691 -0.110192694
692 -0.8711271
693 0.3948268
694 -0.18317296
695 -0.22694872
696 -0.38984728
697 -0.9678248
698 -0.6342259
699 -0.87175816
700 -0.49127382
701 -0.027161757
702 0.5401978
703 -0.5187163
704 -0.6156897
705 -0.007206883
706 -0.7946092
707 -0.45171735
708 0.7667491
709 -0.10895182
710 -0.59474677
711 -0.7568393
712 -0.41171578
713 -1.4114072
714 -0.29516092
715 0.56768143
716 -0.72239935
717 -0.86880594
718 -0.4210774
719 0.21017152
720 -0.07622622
721 -0.06005754
722 -0.41223598
723 -0.5344025
724 -0.51582
725 0.43361846
726 0.13398866
727 0.34573814
728 -0.23610827
729 -0.35752082
730 -0.44582102
731 -1.0961442
732 -0.10515135
733 0.63798034
734 -0.19869882
735 -0.32939866
736 -0.6201712
737 -0.89022446
738 -0.19292493
739 -0.9250669
740 -0.64356726
741 -0.8568894
742 -0.32710886
743 -0.6821051
744 -0.68145984
745 -0.2968947
746 -0.13424039
747 -0.5472764
748 -0.40266356
749 -0.3696608
750 -0.2419247
751 0.001705642
752 -0.1419928
753 -0.19319575
754 -0.05513908
755 -0.44069856
756 -0.6191009
757 -0.88439167
758 0.4026377
759 0.14486893
760 -0.34584302
761 -0.16062061
762 -0.056033503
763 -0.83292294
764 -0.44584495
765 -0.57270086
766 -0.4414189
767 -0.449772
768 -0.4122678
769 -0.0623982
770 -0.069591075
771 0.48745993
772 -0.5899191
773 -0.18586177
774 -0.57819605
775 0.029289069
776 -0.3348446
777 0.73529375
778 -0.4270432
779 0.21919976
780 -0.38227496
781 -1.0921576
782 -0.43883255
783 0.043150526
784 -0.5011705
785 -0.25976318
786 0.262268
787 -0.66632026
788 -0.45998448
789 -0.46186557
790 0.15449774
791 -0.49487564
792 0.07588468
793 -0.12865281
794 -0.07119184
795 0.9786888
796 -0.310685
797 -0.8765234
798 -0.54072773
799 0.16290553
800 -0.51712555
801 -0.61740106
802 -0.28923875
803 -0.7805698
804 -0.28509164
805 -0.36511225
806 -0.42148992
807 -0.8200842
808 -0.57266134
809 -0.0076714833
810 0.7961643
811 0.11280394
812 -0.024545047
813 -1.4455613
814 -0.4022847
815 -0.53357005
816 0.5458461
817 -0.07882418
818 -0.4923284
819 -0.5587831
820 -0.42396373
821 -0.55126554
822 -0.13417235
823 -0.9394533
824 -0.6796052
825 -0.37347582
826 -0.09647547
827 -0.6303256
828 -0.81486213
829 -0.7176424
830 0.38330284
831 0.45133424
832 0.34342068
833 -0.4750581
834 -0.37068138
835 -0.3811701
836 -0.31772327
837 0.16085856
838 -0.22352257
839 -0.1879472
840 -0.1212072
841 0.507659
842 -0.97500044
843 -0.54730225
844 -0.5219286
845 -0.5207372
846 -0.4407314
847 0.5579052
848 -0.6826297
849 -0.49127886
850 -0.21736403
851 -0.6932289
852 -0.2425813
853 -0.7250442
854 -0.55423796
855 -0.23147148
856 -0.30477232
857 -0.63090557
858 -0.3418623
859 -1.1632091
860 -0.069347456
861 -0.7790031
862 0.42717558
863 -0.28856772
864 -0.1527174
865 0.6767563
866 -0.41025227
867 0.025447525
868 -0.47587198
869 -0.51318526
870 -0.6165824
871 -0.28919578
872 -0.23342821
873 0.64555866
874 -0.77736324
875 0.13354722
876 0.0782942
877 -0.6114547
878 -0.6056586
879 -0.5722758
880 -0.1425809
881 -0.17049952
882 -0.943933
883 0.13858175
884 -0.28353718
885 0.31504732
886 -0.4372254
887 -0.53709155
888 -0.29760605
889 -0.49791825
890 0.44813344
891 -0.76155746
892 -0.32442555
893 -0.57916564
894 -0.2552542
895 0.3221581
896 -0.5917921
897 -0.42930233
898 -0.21194512
899 -0.6425818
900 -0.5837878
901 -0.3434417
902 0.2125532
903 -0.6596357
904 -0.57859474
905 -0.85536695
906 -0.6197316
907 -0.5430274
908 -0.8484204
909 -0.14604428
910 0.49714518
911 0.6949858
912 -0.57256055
913 -0.55719185
914 0.085290655
915 -0.9142566
916 -0.02450809
917 -1.2909578
918 0.516729
919 -0.67359203
920 -0.7416742
921 -0.4213306
922 -0.3106465
923 -0.4988791
924 -0.2983634
925 0.20111793
926 -0.23885159
927 -0.51272297
928 -0.79374665
929 -0.2871094
930 0.45558494
931 -0.6098835
932 -0.044034652
933 -0.5444203
934 0.14633062
935 -0.53542787
936 -0.29898164
937 -0.6814888
938 -0.56152236
939 -0.7449783
940 -0.6897247
941 -0.5429426
942 0.39812386
943 -0.14283147
944 -0.11544109
945 -0.50953084
946 0.572989
947 -0.51664996
948 -0.80898327
949 -0.4508562
950 0.03630756
951 -0.30469012
952 0.18010713
953 -0.80828094
954 -0.38259828
955 -0.5011564
956 -0.4896219
957 0.28531116
958 0.21224895
959 -0.4488415
960 -0.21920809
961 -0.6347765
962 -0.432345
963 -0.10549036
964 -0.57403773
965 -0.40839952
966 -0.55501205
967 -0.22075231
968 0.5820913
969 -0.5623882
970 -0.18020295
971 0.47906482
972 -0.03479797
973 -0.63021296
974 -0.07124217
975 -0.70529467
976 -0.53595006
977 0.046697978
978 -0.27725685
979 -0.6846954
980 -0.60278684
981 -0.30567467
982 -0.6423794
983 -0.11180561
984 -0.33934748
985 -0.31786403
986 -0.5860636
987 -0.5285381
988 -0.54174244
989 -0.2192374
990 -0.43614134
991 -0.23532331
992 -0.6695094
993 -0.6527057
994 -0.6427031
995 -0.28388932
996 -0.60770154
997 -0.3411952
998 -0.12360645
999 -0.71396667
1000 -0.57616746
1001 -0.27500895
1002 -0.58081037
1003 -0.883436
1004 -0.6770816
1005 -0.50567466
1006 -0.28434944
1007 -0.21078956
1008 -0.50179344
1009 -0.04044672
1010 -0.6606746
1011 0.00031092763
1012 -0.35074916
1013 0.07997807
1014 -0.44115657
1015 -0.62924176
1016 -0.8014525
1017 -0.07421942
1018 -0.23744017
1019 0.009712111
1020 0.60299814
1021 -0.37773818
1022 0.55729073
1023 -0.7586434
1024 -0.20489858
1025 -0.44378838
1026 -1.0311042
1027 -0.3847478
1028 -0.41708192
1029 -0.5483543
1030 -0.60525566
1031 -0.46653205
1032 -0.7724311
1033 0.14026755
1034 0.2627377
1035 -0.5277825
1036 0.55837816
1037 -0.59237987
1038 -0.7214318
1039 -0.8051222
1040 0.13389702
1041 -0.38226053
1042 -0.36664417
1043 -0.008749998
1044 -0.49809664
1045 -0.3902514
1046 -0.7203921
1047 -0.6983093
1048 -0.7134796
1049 -0.11650273
1050 -0.4409348
1051 0.8149083
1052 -0.32991618
1053 -0.86715925
1054 -0.6941608
1055 -0.016778903
1056 -0.18767919
1057 -0.31382018
1058 -0.6792895
1059 -0.8799267
1060 -0.022442821
1061 -0.17224766
1062 -0.10690744
1063 -0.284729
1064 -0.06977408
1065 0.22735481
1066 -0.41363633
1067 -0.22879508
1068 -0.7267304
1069 -0.13490793
1070 -0.8829747
1071 0.3928038
1072 0.37678224
1073 -0.43662292
1074 -0.41888863
1075 0.35067162
1076 -0.2988418
1077 -0.11320061
1078 -0.84656966
1079 -0.18168852
1080 0.3706341
1081 -0.7990511
1082 -0.24239749
1083 -0.57839996
1084 -0.253908
1085 -0.2712672
1086 -0.10292282
1087 -0.46025935
1088 -0.15562542
1089 -0.5817018
1090 -0.6171956
1091 -0.25540957
1092 -0.6483639
1093 -0.39359486
1094 -0.78719836
1095 -0.4360586
1096 -0.3168635
1097 -0.29556215
1098 -0.4507967
1099 -0.14534765
1100 0.4408133
1101 0.037851304
1102 -0.3553541
1103 -0.55061203
1104 0.6209597
1105 -0.5538049
1106 -0.265366
1107 -0.41388
1108 -0.3680597
1109 -0.06863002
1110 -0.39763388
1111 -0.14337203
1112 -0.588883
1113 0.14360732
1114 -1.014056
1115 0.23520717
1116 0.505718
1117 0.046559654
1118 0.57220876
1119 0.030369198
1120 -0.22295074
1121 0.27273592
1122 -0.44240302
1123 0.055987623
1124 0.64848316
1125 0.062639415
1126 0.53218263
1127 -0.75717056
1128 -0.23295297
1129 -0.41333812
1130 -0.59905225
1131 -0.78526497
1132 -0.59062105
1133 0.12900205
1134 0.6707954
1135 -0.01125056
1136 -0.39346057
1137 -0.55065376
1138 -0.36711994
1139 -0.31749237
1140 -0.9287772
1141 -0.9771383
1142 -0.95470154
1143 -0.20583603
1144 -0.6717074
1145 -0.62426835
1146 -0.8649164
1147 -0.59494704
1148 -0.19774406
1149 0.47221065
1150 -0.61106324
1151 -0.31453687
1152 -0.64528364
1153 -0.7982489
1154 -0.937492
1155 -0.37218913
1156 -0.45840892
1157 -0.519347
1158 0.069935806
1159 0.335562
1160 -0.377141
1161 -0.48734447
1162 -0.20203273
1163 0.36947477
1164 -0.71128726
1165 -0.18519649
1166 -0.88443166
1167 -0.54007757
1168 0.3244322
1169 0.015777238
1170 -0.9026824
1171 -0.5940176
1172 -0.39925238
1173 -0.41359326
1174 -0.14594795
1175 -0.12986226
1176 -0.8469162
1177 -0.3928907
1178 0.6373757
1179 -0.42533755
1180 -0.44862553
1181 -0.37168884
1182 -0.23539431
1183 -0.057146903
1184 -0.21758811
1185 -0.51905847
1186 -0.26080322
1187 -0.76208603
1188 -0.015884718
1189 1.0262542
1190 -0.5048834
1191 -0.41847754
1192 -0.7649175
1193 -0.15986036
1194 -0.63917553
1195 -0.3137371
1196 0.34261638
1197 0.5465703
1198 -0.8614731
1199 -0.7834676
1200 -0.70551217
1201 -0.118580595
1202 -0.87717056
1203 0.23580611
1204 -0.3510555
1205 -0.5796307
1206 -0.03396802
1207 0.93279207
1208 -0.40620387
1209 -0.4423029
1210 0.3629648
1211 -0.7144058
1212 0.21688956
1213 -0.16206442
1214 0.49349886
1215 -0.38592157
1216 -0.61264265
1217 0.0024781893
1218 -0.38123864
1219 -0.5481781
1220 -0.6833725
1221 -0.11077553
1222 0.5178331
1223 0.263036
1224 -0.8147641
1225 -0.4673096
1226 -0.7496549
1227 0.33037117
1228 0.0047621336
1229 -0.22724797
1230 -0.7755704
1231 -0.31161776
1232 -0.35008928
1233 -0.47440997
1234 -0.3886886
1235 -0.3744228
1236 -0.57093996
1237 0.6024182
1238 -0.21387897
1239 -0.13765632
1240 -0.66941
1241 0.64258915
1242 -0.92847
1243 -1.5132291
1244 -0.54575545
1245 -0.9273163
1246 0.519752
1247 -0.29323107
1248 -0.22132646
1249 0.06282479
1250 -1.0895251
1251 -0.781835
1252 -0.30044577
1253 -0.7567025
1254 -0.2765438
1255 -0.58731633
1256 -0.4226717
1257 0.89426255
1258 0.66858095
1259 -0.019812334
1260 -0.4365967
1261 -0.4617523
1262 -1.034174
1263 -0.9391449
1264 -0.6337835
1265 -0.7474272
1266 -0.5423727
1267 -0.29789096
1268 0.39294615
1269 -0.46583965
1270 -0.27588254
1271 -0.25784063
1272 0.36312908
1273 -0.51904476
1274 -0.9062405
1275 -0.5289877
1276 -0.3397718
1277 -0.33975038
1278 -0.516777
1279 -0.5328519
1280 -0.2907524
1281 -0.4373764
1282 -0.22753537
1283 -0.65732646
1284 -0.10165351
1285 0.7614627
1286 -0.41846746
1287 -0.4031936
1288 -0.44293752
1289 -0.74435693
1290 -0.2394947
1291 -0.7113488
1292 0.1249499
1293 -0.30035612
1294 0.1429303
1295 -0.57030714
1296 0.017616086
1297 0.29569525
1298 -0.48655653
1299 0.43985328
1300 -0.2621836
1301 -0.8164949
1302 -0.26100704
1303 -0.82371646
1304 -0.87406206
1305 -0.57614905
1306 -0.62081975
1307 -0.5974906
1308 -0.37530452
1309 -0.08314562
1310 -0.20780905
1311 0.9188166
1312 -0.29951692
1313 -0.003980757
1314 -0.18797354
1315 -0.9253025
1316 -0.6627604
1317 -0.086617574
1318 -0.9776758
1319 -0.39884812
1320 -0.46663272
1321 -0.60490507
1322 -0.6019613
1323 -0.48573387
1324 -0.44352424
1325 0.21002415
1326 -0.44089553
1327 -0.34861538
1328 -0.5316549
1329 -0.23729366
1330 0.0063280407
1331 -0.64995426
1332 -0.5266502
1333 -1.037447
1334 -0.53556126
1335 -0.30500865
1336 -0.6526461
1337 0.14583927
1338 -0.7420218
1339 -1.0309696
1340 0.25677314
1341 0.16023183
1342 -0.5798446
1343 -0.49978718
1344 -0.7577327
1345 -0.09547975
1346 -0.33601108
1347 -0.65839607
1348 -0.20964877
1349 -0.4498091
1350 -0.28501353
1351 -0.0454544
1352 -0.33439308
1353 -0.36973268
1354 -0.48128232
1355 -0.79778236
1356 -0.76178586
1357 -0.7468468
1358 -0.08961683
1359 -0.6561272
1360 -0.8408741
1361 -0.5678543
1362 0.027973182
1363 -0.5325043
1364 -0.6541817
1365 -0.9088313
1366 1.0127939
1367 -0.024787266
1368 -1.2350255
1369 -0.65149635
1370 -1.0430359
1371 -0.78495246
1372 -0.5393536
1373 -0.1798372
1374 0.21604013
1375 -0.33550578
1376 -0.2217929
1377 0.09294118
1378 -0.7330282
1379 -0.20010762
1380 -0.21592744
1381 -0.75385535
1382 -0.737004
1383 -0.61452544
1384 -1.029467
1385 -0.6108461
1386 0.036417637
1387 -0.8651669
1388 -0.21137775
1389 -0.27267665
1390 -0.23000078
1391 -0.8875912
1392 -0.23277271
1393 -0.40774405
1394 -0.30639973
1395 -0.4983572
1396 -0.50095767
1397 -0.16436528
1398 -0.6869558
1399 0.37893915
1400 -0.028686075
1401 -0.55761445
1402 0.58259624
1403 -0.42114386
1404 0.043382294
1405 -0.6415356
1406 -0.44583228
1407 0.78243715
1408 -0.91058403
1409 -0.33189383
1410 -0.051020477
1411 0.6546851
1412 0.57176614
1413 -0.3454825
1414 -0.056577392
1415 -0.20883596
1416 0.31185037
1417 -0.89179397
1418 -0.4475848
1419 -0.5865377
1420 -0.637412
1421 -0.31996152
1422 -0.5039622
1423 -0.4172206
1424 0.039681785
1425 -0.069888465
1426 0.18431908
1427 -0.4814352
1428 0.20820192
1429 -0.11603766
1430 -0.5836616
1431 -0.20483157
1432 -0.8008233
1433 -0.38459828
1434 0.36005312
1435 -0.07404108
1436 -0.9622317
1437 0.91224957
1438 -0.8836403
1439 -0.25526464
1440 -0.6806942
1441 -0.49172413
1442 -0.48626304
1443 -1.2006304
1444 -0.4971419
1445 -0.5304555
1446 -0.693187
1447 -0.8589408
1448 -0.6300972
1449 0.28869343
1450 0.92829937
1451 -0.28090858
1452 -0.114904076
1453 -0.474196
1454 -0.42612255
1455 -0.7232386
1456 -0.8861049
1457 -0.20530467
1458 -0.45799404
1459 -0.3511989
1460 -0.6009978
1461 -0.22877674
1462 -1.1943189
1463 -0.32847455
1464 -0.5237882
1465 -0.28031242
1466 -0.43294945
1467 -0.3499948
1468 0.0831133
1469 0.017861288
1470 -0.5565077
1471 -0.87068355
1472 -0.23387334
1473 0.9909991
1474 0.052115653
1475 1.0674165
1476 -0.005945038
1477 -0.5407177
1478 -0.49291304
1479 -0.15935715
1480 -0.327988
1481 -0.5138272
1482 -0.16949068
1483 -0.6962603
1484 -0.7860553
1485 -0.61344874
1486 -1.0936202
1487 -0.58000255
1488 -0.5762723
1489 -0.4879579
1490 -0.82300603
1491 -0.34607506
1492 -0.548007
1493 -0.44100145
1494 -0.791895
1495 -0.23721409
1496 -0.65889734
1497 -0.4382512
1498 -0.58023274
1499 -0.29131895
1500 0.030273946
1501 -0.14340429
1502 -0.56692016
1503 -0.673649
1504 -0.03548745
1505 -0.2702111
1506 -0.55240905
1507 -0.71229964
1508 -0.33751342
1509 -0.7964515
1510 -0.11358741
1511 -0.40592426
1512 0.2271054
1513 -0.22357497
1514 0.37368476
1515 -0.914535
1516 -0.754384
1517 0.55768615
1518 -0.6813878
1519 -0.56929374
1520 -0.28049314
1521 -0.3605233
1522 -0.16130336
1523 -0.6851362
1524 -0.31758133
1525 -0.48113415
1526 -0.27749175
1527 0.031828877
1528 -0.1741811
1529 -0.4968018
1530 -0.8270083
1531 -0.26805443
1532 -0.9881122
1533 -0.70281756
1534 -0.65702075
1535 -0.5203788
1536 -0.60636127
1537 -0.9564195
1538 -0.20255849
1539 -0.077240996
1540 -0.41883487
1541 -0.28508523
1542 -0.2538685
1543 -0.112793
1544 -0.25757217
1545 -0.31917834
1546 -0.9667945
1547 -0.34470007
1548 -1.0836703
1549 -0.6327771
1550 -0.3686659
1551 -0.041714672
1552 -0.041403245
1553 -0.25581548
1554 -0.34714243
1555 -0.69065064
1556 -0.2546533
1557 -0.43263805
1558 -0.1680597
1559 -0.74319315
1560 -0.636094
1561 0.042463683
1562 -0.28922498
1563 -0.2548488
1564 -0.03731503
1565 0.08965343
1566 -0.63852626
1567 -0.78243893
1568 -0.360581
1569 0.21448532
1570 -0.7468329
1571 -0.2820213
1572 -0.7125524
1573 -0.59404033
1574 -0.67557293
1575 -0.2487292
1576 -1.0399394
1577 0.33435208
1578 0.14832926
1579 -0.36207932
1580 -0.6191633
1581 -0.59974486
1582 -0.35105217
1583 -0.5143596
1584 -0.35343254
1585 -0.16468151
1586 0.76488906
1587 0.80147195
1588 -0.5672274
1589 -0.50106245
1590 -1.018084
1591 -0.2487146
1592 -0.27244332
1593 -0.36016604
1594 -0.29090172
1595 -0.09475375
1596 -0.5320412
1597 -0.47354627
1598 -0.83135086
1599 -0.21994662
1600 -0.33311537
1601 -0.120919734
1602 -0.6897187
1603 0.24849834
1604 -0.24208969
1605 -0.59973
1606 -0.43117914
1607 -0.7140025
1608 0.8704322
1609 -0.47090444
1610 -0.29914665
1611 -0.5594318
1612 0.12888077
1613 -0.46721697
1614 0.10624629
1615 -0.63726497
1616 -0.5899345
1617 -0.35704264
1618 -0.33561835
1619 0.16224223
1620 -0.50402397
1621 -0.67144984
1622 -0.6081379
1623 -0.8299833
1624 -0.20956881
1625 0.9280703
1626 -0.57891244
1627 -0.3641175
1628 -0.65194726
1629 0.6123773
1630 -0.6524586
1631 -0.11469403
1632 0.33705252
1633 -0.7518995
1634 0.13949
1635 -0.7461956
1636 -0.35934907
1637 -0.2387898
1638 -0.93361604
1639 -0.5219288
1640 -0.50601846
1641 0.6631947
1642 0.0023448397
1643 -0.76356876
1644 -0.06754308
1645 -0.33912572
1646 -0.17211682
1647 -0.104846604
1648 -0.16318713
1649 0.3260413
1650 -0.49054873
1651 -0.54145926
1652 -0.25927988
1653 0.06009859
1654 -0.8340747
1655 -0.22688258
1656 0.08107173
1657 -0.3277791
1658 -0.5556851
1659 0.0042304867
1660 -0.46596164
1661 0.20299424
1662 0.07701315
1663 -0.5084966
1664 -0.623701
1665 -0.74814373
1666 -0.57344055
1667 -0.096482195
1668 -0.21232487
1669 -0.87488586
1670 0.66675484
1671 0.5186177
1672 0.09888846
1673 -0.3909455
1674 0.2667011
1675 0.14732826
1676 -0.7748486
1677 -0.3111677
1678 -0.56118906
1679 0.05807342
1680 -0.7030698
1681 -0.35957155
1682 -0.27661914
1683 -0.7077507
1684 -0.18700726
1685 -0.6987676
1686 -0.29611015
1687 -0.17741948
1688 -0.6614355
1689 -0.70323586
1690 0.3985355
1691 -0.12306184
1692 -0.7388703
1693 -0.43106315
1694 0.4869856
1695 -0.10618105
1696 -0.42784986
1697 -0.18763039
1698 -0.38394317
1699 -0.020606752
1700 -0.9383507
1701 -0.44210118
1702 -0.8725085
1703 -0.35807642
1704 -0.32067868
1705 -0.73043907
1706 0.27630228
1707 -0.9120857
1708 -0.9516471
1709 -0.9021534
1710 0.15200514
1711 -0.17376953
1712 -0.58888096
1713 -0.5227421
1714 -0.95783794
1715 -0.02517677
1716 -0.4739486
1717 1.0766476
1718 -0.46805108
1719 0.81419504
1720 -0.10807491
1721 -0.5003071
1722 -0.25871325
1723 -0.51053065
1724 -0.6943417
1725 -0.6470259
1726 -0.19124222
1727 -0.3907119
1728 -0.5926635
1729 -0.30445862
1730 -0.23676966
1731 -0.5887193
1732 -0.30670324
1733 0.020527668
1734 -0.4808415
1735 -0.6288494
1736 0.048515745
1737 -0.45911536
1738 -0.14367855
1739 -0.9563783
1740 -0.4190806
1741 -0.5603143
1742 -0.63947004
1743 -0.35857448
1744 -0.5416196
1745 -0.44983864
1746 -0.42539826
1747 -0.8889741
1748 -0.45874235
1749 -0.09172881
1750 -0.8989331
1751 0.28477433
1752 -0.26167312
1753 -0.033473615
1754 -0.6724934
1755 -0.27962837
1756 -0.5748334
1757 -0.22081806
1758 -0.27278683
1759 -0.9384651
1760 -0.65456
1761 0.5918672
1762 -0.38469627
1763 0.11762471
1764 -0.29034027
1765 -0.7577652
1766 -0.7317518
1767 -0.4049787
1768 -0.7390285
1769 -0.62194365
1770 0.39150366
1771 -0.41241366
1772 -0.36555853
1773 -0.72117174
1774 0.11667667
1775 -0.47472924
1776 0.49829414
1777 -0.63400006
1778 -0.5011841
1779 -0.48683652
1780 -0.4141342
1781 0.35734776
1782 -0.817166
1783 -0.3296982
1784 -0.4539655
1785 0.13395332
1786 -0.32152236
1787 -0.57891876
1788 -0.18055946
1789 -0.08948097
1790 -0.20406476
1791 -0.5154597
1792 0.14219545
1793 -0.13182274
1794 -0.6280452
1795 0.39696148
1796 -0.79342926
1797 -0.4400137
1798 -0.7110466
1799 0.08733256
1800 -0.6353309
1801 -0.4700822
1802 0.19813354
1803 -0.36942527
1804 0.058254868
1805 -0.6372392
1806 0.09434537
1807 -0.43526462
1808 -0.11299583
1809 -0.6171365
1810 -0.43347865
1811 -0.48525983
1812 0.60372204
1813 -0.47126296
1814 0.6515504
1815 -1.1237518
1816 -0.5796259
1817 0.39094833
1818 -0.15466662
1819 0.36151856
1820 -0.017142897
1821 -0.8235481
1822 -0.03486541
1823 -0.70269257
1824 -0.72444105
1825 -0.4955528
1826 0.2583004
1827 -0.6557702
1828 0.29928663
1829 0.02533553
1830 -0.52243197
1831 -0.82084346
1832 -1.0206577
1833 -0.3064788
1834 -0.50976485
1835 0.5197016
1836 -1.0069326
1837 0.33812293
1838 0.22599061
1839 -0.40615556
1840 -0.5590957
1841 -0.52971506
1842 -0.70350313
1843 -0.35297456
1844 -0.12163872
1845 -0.0057129534
1846 -0.4380858
1847 -0.035118222
1848 0.13805544
1849 -0.26339403
1850 -0.34529594
1851 -0.44515064
1852 -0.25737834
1853 1.1802552
1854 -0.95499754
1855 -0.6693308
1856 -0.33150902
1857 -0.043604866
1858 -0.3303443
1859 -0.019606411
1860 0.5928699
1861 -0.43767694
1862 0.23560353
1863 -0.97952646
1864 -0.5944022
1865 0.055575896
1866 -0.16884571
1867 -0.43521437
1868 -0.75823396
1869 -0.90761214
1870 -0.35010076
1871 1.1090307
1872 -0.7104114
1873 -0.4273251
1874 -0.5219195
1875 -0.7636645
1876 -0.35983223
1877 -0.31721747
1878 -0.48405102
1879 -0.7890713
1880 -0.47818446
1881 0.012374701
1882 -0.5352245
1883 0.5453807
1884 -0.5131584
1885 -0.64498395
1886 -0.50370324
1887 0.5035232
1888 -0.6597428
1889 -0.13151392
1890 -0.12331498
1891 0.35797527
1892 -0.46888188
1893 -0.74860376
1894 -0.42663884
1895 -0.27199703
1896 -0.6085927
1897 -0.89147246
1898 -0.5454419
1899 -0.50528246
1900 -0.38996604
1901 0.3332566
1902 -0.7128616
1903 -0.38340655
1904 -0.61475164
1905 -0.4848263
1906 -0.30230957
1907 -0.4325176
1908 -0.35376182
1909 -0.15533496
1910 0.01759823
1911 0.3300191
1912 -1.1183313
1913 -0.07786362
1914 -0.62335193
1915 -1.1292762
1916 -0.18818584
1917 -0.6224459
1918 -0.17820477
1919 -0.2590688
1920 0.37135455
1921 0.4079372
1922 -0.83364844
1923 0.022666797
1924 -0.8338593
1925 -0.13833113
1926 -0.35537124
1927 0.07613632
1928 -0.35064623
1929 0.7438674
1930 0.09095225
1931 -0.7806788
1932 -0.94218946
1933 -0.38209736
1934 -0.81845
1935 -0.51188874
1936 -0.6532376
1937 0.49413884
1938 -0.4310258
1939 0.3250272
1940 -0.22462998
1941 -0.78954923
1942 -0.19856293
1943 -0.5189815
1944 0.9255458
1945 -1.0923158
1946 -0.70690686
1947 0.44556162
1948 -0.38687807
1949 -0.68670076
1950 0.20410295
1951 -0.5643815
1952 -0.18443742
1953 -0.8370989
1954 -0.1488278
1955 -0.2752351
1956 -0.6811597
1957 -0.397057
1958 -0.011759557
1959 -0.5840855
1960 -0.42246708
1961 -0.9048653
1962 -0.29750958
1963 -0.5425365
1964 -0.84904695
1965 -0.25577244
1966 -0.62732136
1967 -0.64426255
1968 -0.02327505
1969 -0.77791977
1970 -0.1355535
1971 0.77275544
1972 -0.3815713
1973 -0.279475
1974 -0.37764496
1975 -0.13290422
1976 -0.048547555
1977 -0.49672124
1978 -0.6983069
1979 -0.51232636
1980 -0.9442961
1981 -0.9478527
1982 -0.9256433
1983 -0.66680527
1984 0.630583
1985 -1.2019024
1986 0.055797435
1987 -0.64318186
1988 -0.9618849
1989 -1.0020939
1990 0.09924401
1991 -0.4438737
1992 -0.32225254
1993 -0.6531972
1994 -0.5439294
1995 -0.102406405
1996 -0.5854846
1997 0.26601568
1998 -0.8408667
1999 1.012397
2000 -0.020567909
2001 -0.5310019
2002 -0.693707
2003 -0.8629412
2004 0.04630653
2005 -0.21481746
2006 -0.2445237
2007 -0.44479924
2008 -0.48017702
2009 -0.56650347
2010 -0.66456217
2011 -0.4278897
2012 -0.8398726
2013 -0.25005788
2014 -0.6457531
2015 -0.3707367
2016 -0.32647273
2017 -0.22413841
2018 -0.53560346
2019 -0.7353157
2020 -0.090874605
2021 -0.6543363
2022 -0.5307754
2023 -0.6319269
2024 0.20586458
2025 -0.12360273
2026 0.04470863
2027 -0.5907031
2028 -0.27754217
2029 -0.29049012
2030 -0.7133208
2031 -0.22451052
2032 -0.4059501
2033 -0.47275758
2034 -0.5404248
2035 0.5686873
2036 0.4827599
2037 0.048563797
2038 -0.25159317
2039 -0.27519628
2040 -0.20217775
2041 -0.77250594
2042 -0.6803768
2043 -0.6035217
2044 0.66427165
2045 -0.9322709
2046 -0.4652647
2047 -0.040341787
2048 -0.3313483
2049 0.33803552
2050 -0.6029864
2051 -0.672721
2052 -1.0717057
2053 -0.036931094
2054 0.023466177
2055 -0.194322
2056 -0.5034584
2057 -0.5654317
2058 -0.5955894
2059 -0.27279532
2060 -0.4182609
2061 -0.26388532
2062 0.23917715
2063 -0.38553357
2064 -0.19156067
2065 -0.49344257
2066 -0.42484468
2067 -0.2853242
2068 -0.4451907
2069 -0.48597395
2070 -0.0022222437
2071 -0.121919535
2072 -0.1698051
2073 -0.6409797
2074 -0.004078527
2075 -0.52585137
2076 -0.513033
2077 0.47604278
2078 -0.35085234
2079 -0.08459866
2080 -0.012360078
2081 -0.37161672
2082 -0.42765877
2083 -0.45624757
2084 -0.23761496
2085 -0.3206469
2086 -0.54273874
2087 -0.4701686
2088 -1.200873
2089 -0.27777582
2090 -0.59786236
2091 -0.48133597
2092 -0.8682593
2093 -0.49127865
2094 0.15145192
2095 -0.44132861
2096 0.45864856
2097 0.6688034
2098 0.7729908
2099 -0.75915825
2100 -0.68710244
2101 -0.57971597
2102 -0.22451705
2103 0.93716425
2104 -0.2344865
2105 -0.8313264
2106 -0.34642726
2107 0.03846358
2108 0.10868578
2109 -0.32373473
2110 -0.06302402
2111 -0.9600922
2112 -0.65503794
2113 -0.8543167
2114 -0.38181567
2115 -0.40442434
2116 -0.95776993
2117 -0.47009304
2118 -0.1943473
2119 -0.5283832
2120 -0.20806131
2121 -0.9107638
2122 -0.33243072
2123 -0.57074934
2124 -0.9927681
2125 -0.6031687
2126 -1.0034298
2127 -0.75589913
2128 -0.17170739
2129 -0.63417596
2130 -0.36675182
2131 -0.12603658
2132 -0.2522514
2133 -0.22562262
2134 -0.29223293
2135 -0.8058769
2136 -0.54165775
2137 0.96212584
2138 -0.18119137
2139 -1.2272625
2140 -0.8806428
2141 -0.40064242
2142 -0.80581135
2143 -0.6576604
2144 -0.2912259
2145 -0.46380994
2146 -0.4210247
2147 -0.46295106
2148 -0.5109754
2149 -0.6294549
2150 -0.80644464
2151 -0.5355
2152 0.49101618
2153 -0.4728418
2154 0.11287134
2155 -0.6029492
2156 -0.7652591
2157 -0.10672647
2158 -0.67932504
2159 -0.39217573
2160 -0.29177228
2161 0.014883613
2162 -0.7937043
2163 -0.27647245
2164 -0.21874052
2165 -0.5735482
2166 0.24509177
2167 -0.48731637
2168 -0.38070813
2169 -0.5549131
2170 -0.46364605
2171 -0.06230847
2172 -0.3713801
2173 0.96143013
2174 -0.8481783
2175 -0.07198723
2176 -0.62848115
2177 -0.65365934
2178 -0.95641327
2179 -0.25970906
2180 -0.4856288
2181 0.31591782
2182 -0.4189601
2183 -0.19872712
2184 -0.3265073
2185 -0.21121539
2186 0.16594782
2187 -0.7836927
2188 -0.43108675
2189 -0.6572058
2190 0.26265976
2191 -0.19080508
2192 -0.5015051
2193 -0.57015413
2194 -0.5542338
2195 0.5291472
2196 -0.8099497
2197 -0.5078713
2198 -0.72353196
2199 -0.87944907
2200 -0.7306228
2201 -0.8937409
2202 -0.017383022
2203 -0.25172058
2204 0.151629
2205 -0.83056885
2206 -0.7046617
2207 -0.50808835
2208 -0.7307594
2209 -0.4123554
2210 -0.33004767
2211 0.26133707
2212 -0.22767724
2213 -0.4165724
2214 -0.22477771
2215 -0.8331335
2216 -0.8285362
2217 -0.21312156
2218 -0.80058736
2219 -0.49828535
2220 -0.34190848
2221 -0.81002176
2222 -0.48687798
2223 -0.5859851
2224 -0.5936214
2225 0.72174597
2226 0.954717
2227 -0.6605889
2228 -0.44723067
2229 -0.28970414
2230 -0.5189482
2231 0.14064969
2232 0.31668812
2233 0.3407584
2234 0.5564042
2235 -0.39240158
2236 -0.9234821
2237 -0.31333616
2238 0.56846225
2239 -0.03141507
2240 -0.5682663
2241 -0.21997142
2242 -0.37553322
2243 -0.33579975
2244 -0.5310815
2245 -0.35733593
2246 -0.07203484
2247 -0.5641589
2248 -0.4714712
2249 -0.54109067
2250 -0.4516043
2251 -0.26885027
2252 -0.64341795
2253 -0.5520265
2254 -0.38249865
2255 -0.099290974
2256 -0.80353594
2257 -0.6692707
2258 -0.38983196
2259 -0.27017426
2260 -0.18876156
2261 -0.42850813
2262 -0.2468347
2263 -0.69550294
2264 -0.48748556
2265 -0.6103818
2266 -0.6799049
2267 -0.81940675
2268 -0.471139
2269 -0.16397437
2270 0.60678315
2271 -0.31540677
2272 -1.0350925
2273 0.28430006
2274 -0.76123685
