0 1218
1 1908
2 1887
3 230
3 250
3 314
3 404
3 471
3 479
3 524
3 593
3 603
3 609
3 617
3 690
3 749
3 808
3 956
3 1015
3 1150
3 1182
3 1315
3 1353
3 1363
3 1663
3 1982
3 2089
3 2110
3 2191
3 2240
3 2259
4 368
5 71
6 1133
7 1218
8 71
9 108
10 709
10 974
11 560
12 557
13 1531
14 282
15 602
16 282
17 602
18 545
18 683
18 687
18 705
18 734
18 848
18 940
18 949
18 1072
18 1134
18 1211
18 1295
18 1397
18 1434
18 1585
18 1779
18 2174
18 2270
19 1841
20 757
21 71
22 1133
23 709
24 282
25 502
25 1483
25 1700
26 282
27 235
27 868
27 893
27 1647
28 1252
29 1252
30 420
31 282
32 1961
33 108
34 35
34 204
34 266
34 282
34 435
34 488
34 633
34 667
34 715
34 745
34 863
34 963
34 1010
34 1086
34 1157
34 1176
34 1212
34 1214
34 1246
34 1309
34 1352
34 1367
34 1398
34 1406
34 1591
34 1665
34 1675
34 1688
34 1747
34 1791
34 2018
36 282
37 74
38 259
38 823
38 1270
39 807
39 1297
40 1252
41 1841
42 1841
43 1841
44 307
44 1429
45 974
46 1588
47 1841
48 602
49 1052
50 1117
51 527
51 1455
52 1841
53 226
54 282
55 1841
56 112
56 451
56 1061
56 1163
56 1408
56 1439
56 2027
57 108
57 272
57 510
57 788
57 901
57 2066
58 74
59 602
60 602
61 1369
62 1908
63 602
64 108
65 709
66 1052
67 1620
68 1908
69 1908
70 1218
71 100
71 109
71 141
71 208
71 211
71 215
71 260
71 278
71 291
71 297
71 322
71 359
71 394
71 446
71 455
71 489
71 522
71 548
71 566
71 586
71 612
71 620
71 627
71 660
71 734
71 754
71 762
71 781
71 794
71 857
71 917
71 918
71 943
71 950
71 972
71 1016
71 1027
71 1065
71 1072
71 1125
71 1126
71 1131
71 1132
71 1168
71 1169
71 1187
71 1211
71 1215
71 1220
71 1242
71 1264
71 1292
71 1330
71 1346
71 1389
71 1428
71 1503
71 1522
71 1590
71 1634
71 1652
71 1703
71 1709
71 1754
71 1785
71 1789
71 1801
71 1835
71 1945
71 1952
71 2044
71 2053
71 2073
71 2075
71 2080
71 2082
71 2124
72 1841
72 1961
73 737
74 156
74 188
74 571
74 1004
74 1354
74 1609
74 1701
74 2028
75 282
76 282
77 282
78 1052
79 108
79 272
80 602
81 108
82 1841
83 1369
84 420
85 1218
85 1498
86 1052
87 1961
88 1052
89 602
90 108
91 1052
92 602
93 420
94 1869
95 1218
96 127
97 734
97 2144
98 108
99 602
101 709
101 2134
102 282
103 1252
104 361
105 462
105 1460
106 1323
107 1775
108 119
108 133
108 161
108 165
108 175
108 177
108 202
108 249
108 320
108 328
108 336
108 341
108 344
108 349
108 353
108 378
108 384
108 386
108 396
108 398
108 457
108 464
108 508
108 523
108 535
108 546
108 567
108 573
108 590
108 594
108 607
108 616
108 618
108 643
108 658
108 685
108 699
108 707
108 715
108 769
108 782
108 793
108 837
108 848
108 875
108 891
108 899
108 976
108 993
108 997
108 998
108 1011
108 1030
108 1032
108 1049
108 1051
108 1057
108 1079
108 1088
108 1096
108 1104
108 1122
108 1123
108 1140
108 1143
108 1149
108 1159
108 1200
108 1207
108 1234
108 1279
108 1281
108 1283
108 1293
108 1296
108 1306
108 1308
108 1328
108 1342
108 1360
108 1365
108 1366
108 1371
108 1372
108 1399
108 1426
108 1441
108 1451
108 1457
108 1490
108 1491
108 1505
108 1512
108 1516
108 1520
108 1521
108 1535
108 1548
108 1549
108 1550
108 1576
108 1577
108 1587
108 1613
108 1627
108 1628
108 1629
108 1638
108 1640
108 1646
108 1648
108 1670
108 1672
108 1674
108 1694
108 1695
108 1699
108 1711
108 1713
108 1728
108 1733
108 1735
108 1737
108 1760
108 1762
108 1765
108 1774
108 1777
108 1783
108 1784
108 1802
108 1812
108 1813
108 1819
108 1839
108 1844
108 1847
108 1848
108 1870
108 1874
108 1897
108 1904
108 1905
108 1906
108 1932
108 1987
108 2007
108 2015
108 2020
108 2031
108 2038
108 2042
108 2048
108 2056
108 2067
108 2091
108 2095
108 2101
108 2114
108 2154
108 2155
108 2156
108 2169
108 2179
108 2185
108 2197
108 2217
108 2223
108 2226
108 2228
108 2238
108 2239
108 2271
110 1055
111 709
111 1133
112 282
112 420
113 272
114 923
115 2058
116 709
117 967
118 1841
120 1052
121 282
122 709
123 1133
124 226
124 520
124 692
125 560
126 272
128 206
129 1133
130 602
131 1218
132 1778
133 1572
134 282
135 306
136 2136
137 547
137 2136
138 1767
139 1237
139 1266
139 1417
139 2022
140 906
142 709
143 818
144 974
144 1595
145 602
146 1767
147 1841
148 421
149 1775
150 1133
151 709
152 709
153 1841
154 1218
155 1841
156 1052
156 1218
156 1841
157 1841
158 1841
159 1133
160 709
160 818
162 282
163 709
164 692
165 272
166 272
167 1908
168 561
168 1919
168 2105
168 2140
169 272
169 709
170 494
170 582
170 923
170 1152
170 1234
170 1335
170 1379
170 1891
170 1921
171 1639
172 1841
173 560
174 1323
176 2127
178 1201
178 1400
179 709
180 1887
181 1841
181 1961
182 2008
183 1052
184 906
185 602
185 1218
186 821
187 709
189 1698
190 1841
191 226
192 306
193 1252
194 672
195 1845
196 1841
197 1369
198 1841
199 737
200 282
201 1323
202 925
202 1297
203 371
205 2076
206 437
206 935
206 983
206 1537
206 1716
206 1952
207 1052
209 1052
210 272
212 1841
213 217
214 289
216 373
216 521
216 553
216 610
216 840
216 903
216 1145
216 1177
216 1199
216 1265
216 1483
216 1593
216 1688
216 1745
216 1818
216 1946
216 2235
216 2236
218 1955
219 2042
220 282
221 1218
222 1841
223 945
223 1107
223 1565
223 2097
224 1841
225 282
225 1193
226 249
226 340
226 399
226 459
226 485
226 515
226 591
226 625
226 656
226 709
226 721
226 766
226 768
226 828
226 858
226 910
226 981
226 996
226 1008
226 1056
226 1071
226 1078
226 1105
226 1159
226 1179
226 1212
226 1244
226 1248
226 1258
226 1270
226 1364
226 1374
226 1379
226 1384
226 1399
226 1445
226 1452
226 1469
226 1491
226 1500
226 1507
226 1619
226 1630
226 1697
226 1705
226 1707
226 1710
226 1712
226 1750
226 1787
226 1808
226 1829
226 1840
226 1858
226 1883
226 1930
226 1934
226 1944
226 1959
226 1960
226 1969
226 1976
226 1986
226 2011
226 2014
226 2060
226 2086
226 2106
226 2109
226 2120
226 2133
226 2173
226 2204
226 2238
226 2274
227 737
228 737
229 282
231 709
232 282
233 1310
234 709
236 1289
236 1682
237 692
237 1133
237 1628
238 737
239 282
240 1460
241 282
241 2136
242 2136
243 1052
244 282
245 1841
246 1369
247 1218
248 1218
249 421
249 2233
251 520
251 2272
252 1595
253 1841
254 1218
254 1841
255 1947
256 1369
257 1908
258 1961
261 1841
262 272
263 282
264 1252
265 527
265 1369
267 1788
268 1641
269 2037
270 272
271 709
271 2136
272 290
272 292
272 316
272 329
272 331
272 341
272 369
272 374
272 389
272 402
272 417
272 432
272 461
272 462
272 470
272 485
272 501
272 540
272 554
272 570
272 589
272 605
272 619
272 622
272 638
272 657
272 671
272 715
272 717
272 722
272 748
272 774
272 776
272 790
272 810
272 819
272 841
272 871
272 882
272 901
272 912
272 939
272 992
272 1006
272 1010
272 1024
272 1035
272 1044
272 1059
272 1060
272 1069
272 1073
272 1092
272 1102
272 1108
272 1116
272 1127
272 1130
272 1135
272 1148
272 1149
272 1157
272 1202
272 1209
272 1230
272 1233
272 1245
272 1254
272 1259
272 1287
272 1318
272 1342
272 1351
272 1381
272 1383
272 1390
272 1405
272 1415
272 1432
272 1433
272 1444
272 1452
272 1453
272 1482
272 1501
272 1538
272 1593
272 1599
272 1636
272 1644
272 1667
272 1674
272 1681
272 1683
272 1697
272 1715
272 1717
272 1718
272 1729
272 1807
272 1809
272 1814
272 1826
272 1837
272 1857
272 1867
272 1892
272 1934
272 1943
272 1990
272 2027
272 2039
272 2041
272 2045
272 2048
272 2059
272 2100
272 2118
272 2119
272 2131
272 2142
272 2205
272 2255
273 1841
274 1841
275 1949
276 1395
276 1828
276 2191
277 1841
279 974
280 1218
280 1841
281 1778
282 287
282 288
282 294
282 300
282 304
282 305
282 327
282 332
282 344
282 352
282 354
282 355
282 364
282 372
282 380
282 383
282 385
282 400
282 410
282 412
282 429
282 430
282 433
282 441
282 442
282 454
282 456
282 458
282 463
282 484
282 493
282 498
282 517
282 534
282 539
282 542
282 567
282 583
282 584
282 587
282 594
282 597
282 605
282 613
282 625
282 626
282 650
282 653
282 655
282 659
282 675
282 696
282 702
282 710
282 725
282 736
282 744
282 752
282 758
282 760
282 761
282 792
282 795
282 820
282 835
282 844
282 854
282 865
282 880
282 888
282 896
282 900
282 925
282 936
282 941
282 942
282 944
282 946
282 952
282 973
282 977
282 993
282 1003
282 1007
282 1009
282 1018
282 1020
282 1039
282 1061
282 1081
282 1082
282 1089
282 1096
282 1098
282 1115
282 1121
282 1122
282 1165
282 1166
282 1178
282 1189
282 1200
282 1216
282 1223
282 1224
282 1240
282 1254
282 1262
282 1273
282 1281
282 1282
282 1319
282 1325
282 1326
282 1327
282 1340
282 1355
282 1361
282 1362
282 1367
282 1371
282 1372
282 1374
282 1378
282 1382
282 1396
282 1403
282 1405
282 1408
282 1420
282 1465
282 1475
282 1488
282 1494
282 1495
282 1496
282 1505
282 1511
282 1528
282 1541
282 1542
282 1544
282 1547
282 1551
282 1569
282 1576
282 1585
282 1587
282 1594
282 1605
282 1611
282 1661
282 1666
282 1667
282 1675
282 1680
282 1697
282 1702
282 1706
282 1715
282 1722
282 1732
282 1735
282 1736
282 1741
282 1742
282 1755
282 1757
282 1761
282 1763
282 1774
282 1779
282 1780
282 1784
282 1786
282 1790
282 1792
282 1794
282 1802
282 1803
282 1804
282 1806
282 1813
282 1814
282 1831
282 1838
282 1852
282 1859
282 1878
282 1884
282 1889
282 1894
282 1903
282 1904
282 1911
282 1928
282 1930
282 1950
282 1953
282 1957
282 1963
282 1988
282 2013
282 2017
282 2033
282 2047
282 2049
282 2056
282 2065
282 2071
282 2085
282 2094
282 2102
282 2104
282 2108
282 2117
282 2128
282 2132
282 2134
282 2141
282 2142
282 2152
282 2157
282 2168
282 2169
282 2170
282 2175
282 2178
282 2184
282 2188
282 2196
282 2200
282 2209
282 2216
282 2233
282 2246
282 2252
283 503
284 1218
284 1841
285 709
285 1133
286 1252
292 1133
293 709
295 1841
296 527
296 2201
298 709
299 503
301 1198
302 2037
303 527
303 879
303 1193
305 1133
305 1841
306 384
306 476
306 580
306 604
306 891
306 933
306 1022
306 1045
306 1199
306 1293
306 1329
306 1447
306 1497
306 1549
306 1584
306 1612
306 1626
306 1688
306 1712
306 1714
306 1766
306 1809
306 1876
306 1950
306 1975
306 2016
306 2072
306 2193
308 852
308 1882
309 709
309 1234
309 2238
310 1424
310 1841
311 1778
312 631
312 686
312 1997
313 1841
315 2042
315 2238
316 709
316 1872
317 1845
318 1775
319 1778
321 1949
322 1841
323 375
323 468
323 537
323 937
323 954
323 1478
323 1481
324 709
325 2136
326 1369
330 1052
333 1841
334 709
335 1841
337 2201
338 426
338 2079
339 420
342 709
343 2254
344 709
345 1996
346 1841
347 709
348 1147
350 1908
351 1841
356 2233
357 1841
358 1841
358 1908
358 1961
360 709
362 1841
363 1841
365 379
365 608
365 1647
366 1841
367 602
370 1845
371 478
371 1152
371 1199
371 1539
371 1728
372 999
376 1908
377 1252
381 1052
382 709
387 1841
388 2233
390 1775
391 527
391 2136
392 1696
393 818
395 1252
397 527
400 709
401 1219
403 709
405 505
405 693
405 1825
405 2125
406 1841
407 1778
408 692
409 427
409 676
409 775
409 1188
409 1201
409 1222
409 1330
409 1409
411 1052
412 527
413 737
414 722
414 923
414 1021
414 1031
414 1094
414 1460
414 1474
414 1650
414 1769
414 1843
414 2003
414 2250
415 1497
416 421
416 1133
417 1369
417 1628
418 1841
419 1841
420 498
420 499
420 532
420 539
420 614
420 647
420 675
420 678
420 681
420 804
420 827
420 877
420 928
420 1010
420 1058
420 1093
420 1098
420 1247
420 1277
420 1319
420 1337
420 1350
420 1385
420 1421
420 1454
420 1519
420 1533
420 1536
420 1774
420 1787
420 1830
420 1871
420 2025
420 2032
420 2033
420 2054
420 2061
420 2090
420 2099
420 2135
420 2167
420 2189
420 2192
420 2209
420 2221
420 2225
420 2239
421 715
421 850
421 1056
421 1177
421 1200
421 1274
421 1357
421 1571
421 2016
421 2160
421 2230
422 527
422 999
422 1725
423 906
424 1841
425 1841
428 596
428 1532
431 709
432 2136
434 1841
436 737
438 1218
439 1841
440 709
440 1974
443 709
444 557
445 1498
445 1961
447 1323
448 602
449 1841
450 1252
451 2233
452 737
453 1218
453 1778
460 602
462 1282
462 2134
465 704
466 1052
467 2233
469 1052
470 1845
472 1498
472 1841
473 1133
474 709
475 1193
476 527
476 757
477 709
480 1788
481 1908
482 974
483 692
486 1218
487 1841
488 517
489 1052
489 1841
489 1908
490 1218
491 1841
492 2136
495 709
496 1218
497 1841
500 884
500 1841
503 740
503 911
503 1438
503 1508
503 1526
503 1743
503 2083
503 2242
504 1949
506 1908
507 1788
509 692
509 1573
511 527
511 2136
512 1218
513 1841
514 557
516 527
516 2130
517 709
517 737
518 1252
519 1845
520 1567
525 1369
526 2233
527 573
527 600
527 766
527 783
527 786
527 831
527 869
527 907
527 953
527 985
527 987
527 1002
527 1095
527 1162
527 1255
527 1329
527 1332
527 1439
527 1447
527 1452
527 1459
527 1552
527 1573
527 1591
527 1601
527 1629
527 1645
527 1687
527 1717
527 1721
527 1733
527 1774
527 1776
527 1855
527 1863
527 1867
527 1904
527 1919
527 1943
527 1958
527 2019
527 2051
527 2058
527 2161
527 2162
527 2238
527 2246
527 2260
528 1252
529 1369
530 709
531 1498
533 2171
536 709
536 1641
537 2166
538 1841
541 1052
543 1572
544 1498
547 779
547 1430
547 1593
547 1836
547 1943
547 2069
549 1133
550 2233
551 1218
552 1133
552 2233
555 1369
556 709
557 863
557 1054
557 1591
557 1625
557 1644
557 1712
557 1799
557 1877
557 1891
557 2026
557 2043
557 2115
558 1252
559 1841
560 562
560 1227
560 1498
560 1778
560 1841
560 1961
563 1052
564 1908
565 1218
565 1252
565 1498
568 999
569 1218
569 1841
572 2042
574 709
575 709
576 1700
577 1696
578 2233
579 709
579 1767
581 1845
585 964
588 709
592 1841
595 1841
596 1152
598 1546
598 1568
599 1218
601 974
601 1369
602 639
602 716
602 747
602 755
602 829
602 890
602 908
602 1087
602 1110
602 1264
602 1347
602 1487
602 1578
602 1589
602 1668
602 1720
602 1798
602 1885
602 1981
602 2092
602 2126
602 2247
605 1133
606 1841
607 818
611 1628
613 1282
615 1800
621 1639
623 1841
624 1133
628 2233
629 1841
630 1394
632 1908
634 1841
635 1778
636 2181
637 1841
640 1949
641 1580
642 1841
644 1252
645 709
646 709
648 1133
649 1908
651 2145
652 1841
654 999
661 1052
661 1691
662 1312
662 1510
662 1700
663 1620
663 1646
664 1778
665 709
666 1841
668 1052
668 1908
669 1841
670 1628
673 737
674 1841
677 1841
679 1498
679 1961
680 1218
680 1841
682 709
684 1193
685 2233
688 1841
689 1497
691 1841
692 951
692 1232
692 1483
692 1677
693 1841
694 1218
694 1778
695 1841
697 1498
698 1152
698 1700
700 1252
701 1908
703 1841
704 1301
704 1498
706 1778
708 1133
709 719
709 722
709 730
709 742
709 758
709 768
709 778
709 780
709 816
709 822
709 825
709 834
709 835
709 842
709 876
709 904
709 909
709 914
709 970
709 987
709 1008
709 1023
709 1033
709 1056
709 1068
709 1101
709 1120
709 1128
709 1151
709 1184
709 1192
709 1212
709 1225
709 1239
709 1253
709 1300
709 1305
709 1306
709 1314
709 1334
709 1338
709 1339
709 1357
709 1383
709 1386
709 1387
709 1416
709 1421
709 1452
709 1458
709 1460
709 1480
709 1483
709 1527
709 1548
709 1555
709 1557
709 1560
709 1561
709 1574
709 1586
709 1607
709 1612
709 1623
709 1650
709 1661
709 1705
709 1706
709 1715
709 1722
709 1731
709 1734
709 1748
709 1766
709 1774
709 1781
709 1793
709 1814
709 1850
709 1867
709 1868
709 1891
709 1913
709 1920
709 1922
709 1931
709 1937
709 1939
709 1971
709 2010
709 2029
709 2038
709 2057
709 2173
709 2199
709 2206
709 2208
709 2244
709 2262
709 2267
711 1218
712 1052
713 1908
714 1323
715 1845
715 2233
718 1234
720 1052
720 1778
721 1788
723 1052
724 1778
726 2233
727 1841
728 1052
729 964
729 1788
731 1841
732 1252
733 1323
735 1133
737 992
737 1010
737 1236
737 1254
737 1259
737 1414
737 1446
737 1495
737 1543
737 1633
737 1643
737 1676
737 1694
737 1715
737 1742
737 1768
737 1873
738 2233
739 2254
741 1908
743 807
746 1845
750 1778
751 1641
753 1133
754 1961
756 1845
757 938
757 2058
759 1254
763 2076
764 1218
765 1961
767 1133
770 2201
771 1218
772 1841
773 1841
775 1052
775 1498
775 1841
775 1908
777 2198
778 2233
780 1369
782 964
782 1133
784 1133
785 1966
787 1872
789 1133
791 1908
796 1908
797 2238
798 1218
798 1908
799 1620
800 1133
801 1218
802 1841
803 1908
805 1775
806 1841
809 1841
811 1841
811 1961
812 1766
813 1052
813 1841
814 1841
815 1841
816 1775
817 1052
818 894
818 948
818 975
818 1024
818 1047
818 1067
818 1076
818 1157
818 1199
818 1260
818 1270
818 1452
818 1619
818 1636
818 1664
818 1829
818 1977
818 2098
818 2111
818 2122
818 2175
818 2176
818 2190
818 2238
821 1153
821 1263
821 1461
821 2163
824 1252
826 1841
830 1961
832 1949
833 1323
835 1133
836 1908
838 1841
839 2127
840 1133
843 1841
845 1498
846 1369
847 2042
849 1218
851 1369
853 1908
854 1650
854 1667
855 1052
856 1841
859 1310
860 1841
861 1566
862 1841
864 1218
866 879
867 1778
868 2000
868 2136
870 1369
872 1218
872 1778
873 1775
874 1252
878 1133
881 1323
883 2127
884 1841
885 1323
886 1218
887 1810
889 1908
891 1133
892 1218
893 1580
895 1498
896 2233
897 1778
898 1323
899 2233
902 1218
904 974
905 1218
905 1841
906 1302
906 2256
913 2042
915 1841
916 2238
919 1955
920 1841
921 1841
922 1961
923 2106
924 1052
925 1133
925 1240
925 1326
925 1377
925 1427
925 1439
925 1943
925 1992
925 2132
925 2175
925 2233
925 2238
925 2249
926 1841
927 1620
929 1775
930 1052
931 964
932 2233
933 1133
934 1841
939 974
939 1234
947 2042
955 1052
957 1841
958 1778
959 1908
960 1252
961 2233
962 1841
964 1138
964 1325
964 1337
964 1797
965 974
966 1841
967 1052
967 1498
967 1908
967 1961
968 1841
969 1841
971 1252
972 1841
974 1056
974 1136
974 1172
974 1249
974 1304
974 1337
974 1467
974 1483
974 1554
974 1574
974 1606
974 1614
974 1650
974 1940
974 2199
978 1942
979 1199
980 1563
980 1628
982 1369
983 1841
984 1908
986 1218
988 1369
989 1778
990 1133
991 1949
994 1700
995 1841
999 1591
999 1647
999 1717
999 1766
999 2023
1000 1961
1001 1218
1001 1908
1005 2233
1006 1628
1010 1133
1010 2166
1012 1052
1013 1218
1013 1841
1014 1186
1014 1950
1014 2158
1016 1841
1017 1498
1017 1841
1017 1908
1017 1961
1019 1323
1019 1498
1019 1841
1022 1290
1023 1193
1025 1112
1026 2136
1028 1498
1028 1961
1029 1498
1029 1961
1034 1176
1036 1841
1037 1727
1038 1841
1039 1628
1040 1775
1041 1252
1042 1973
1043 1628
1046 1845
1048 1841
1050 2037
1052 1075
1052 1091
1052 1100
1052 1113
1052 1180
1052 1241
1052 1275
1052 1311
1052 1321
1052 1324
1052 1359
1052 1363
1052 1412
1052 1425
1052 1473
1052 1477
1052 1479
1052 1515
1052 1559
1052 1678
1052 1723
1052 1827
1052 1902
1052 1908
1052 1910
1052 2050
1052 2153
1052 2214
1052 2261
1053 1252
1055 2042
1055 2233
1062 1133
1063 1908
1064 1841
1066 1133
1070 1252
1074 1778
1075 1908
1077 1841
1079 1775
1080 1218
1083 1133
1084 2166
1085 2246
1090 1841
1092 1314
1096 2233
1097 1841
1099 1725
1103 1841
1106 1841
1109 2233
1111 2042
1112 1161
1112 1197
1112 1954
1112 2191
1114 1841
1115 2037
1117 1841
1118 1137
1119 1841
1124 1908
1129 2233
1133 1155
1133 1177
1133 1192
1133 1254
1133 1257
1133 1259
1133 1269
1133 1270
1133 1318
1133 1427
1133 1442
1133 1556
1133 1598
1133 1604
1133 1608
1133 1624
1133 1626
1133 1719
1133 1814
1133 1842
1133 1875
1133 1881
1133 1963
1133 2031
1133 2039
1133 2047
1133 2056
1133 2078
1133 2175
1133 2212
1133 2213
1133 2224
1139 2254
1141 1778
1142 1788
1144 2037
1146 1498
1147 1211
1147 1308
1147 1514
1147 2056
1152 1290
1152 2218
1154 1841
1156 1193
1158 1369
1159 2233
1160 1841
1164 1841
1167 1908
1168 1841
1169 1841
1170 1369
1171 1700
1171 2233
1173 2037
1174 1369
1175 1841
1181 2136
1183 1841
1185 1841
1190 1841
1191 1218
1191 1841
1193 1254
1193 1495
1193 1683
1193 1729
1193 1730
1193 2018
1193 2167
1193 2199
1193 2245
1193 2263
1194 1323
1195 2233
1196 1841
1198 1456
1198 1700
1199 1766
1199 1845
1201 1841
1203 1498
1203 1961
1204 1725
1205 1841
1206 1369
1206 2037
1208 1775
1210 1252
1213 1841
1217 1841
1218 1241
1218 1268
1218 1294
1218 1323
1218 1331
1218 1524
1218 1693
1218 1778
1218 1816
1218 1832
1218 1865
1218 1910
1218 1970
1218 2062
1218 2191
1218 2242
1221 1841
1226 1845
1228 1845
1229 2136
1231 2240
1234 1270
1234 1593
1234 1688
1234 2182
1235 1961
1238 1841
1241 1908
1243 1841
1250 1841
1251 1841
1252 1272
1252 1336
1252 1373
1252 1375
1252 1499
1252 1534
1252 1615
1252 1709
1252 1720
1252 1740
1252 1772
1252 1773
1252 1817
1252 1820
1252 1890
1252 1985
1252 2241
1252 2251
1254 2233
1254 2254
1256 2233
1261 1460
1261 2045
1266 1369
1267 1698
1271 1845
1276 1841
1278 2037
1280 1908
1281 2233
1282 2148
1283 2218
1284 1841
1285 1369
1286 1775
1288 1369
1291 2218
1293 1572
1297 1592
1298 1628
1299 2254
1303 1339
1303 1646
1307 1845
1310 1964
1313 1841
1316 1841
1317 1323
1320 1841
1322 2136
1323 1407
1323 1679
1323 1778
1323 2019
1330 1778
1330 1841
1333 1778
1341 1845
1343 2042
1344 1841
1345 1639
1348 2254
1349 1841
1356 1651
1358 1841
1360 2134
1363 1841
1365 1628
1367 1369
1368 1841
1369 1393
1369 1464
1369 1540
1369 1553
1369 1571
1369 1617
1369 1873
1369 1980
1369 2035
1369 2055
1369 2093
1369 2196
1369 2211
1370 1841
1376 1841
1380 1841
1388 1841
1391 2233
1392 1908
1398 2254
1401 1498
1402 1908
1404 1841
1410 1841
1411 1841
1413 1778
1418 1979
1419 1841
1422 1908
1423 1841
1431 1686
1435 1841
1436 1460
1437 1673
1440 1700
1440 1771
1443 1841
1445 1845
1448 1841
1449 1841
1450 2037
1455 2162
1460 1845
1460 1872
1460 1941
1460 1965
1462 1841
1463 1841
1466 1841
1468 1908
1470 1841
1470 1908
1471 1841
1472 1961
1476 1841
1483 1788
1484 1841
1484 1908
1485 1908
1486 1841
1489 1841
1492 1628
1493 1841
1494 2233
1498 1583
1498 1961
1498 2046
1498 2088
1498 2183
1500 1698
1502 1841
1504 1841
1506 1841
1509 1841
1513 1778
1517 1775
1518 1775
1523 2233
1525 1908
1529 2130
1530 1841
1538 1788
1545 2037
1548 1724
1558 1845
1562 1908
1563 1628
1564 2037
1568 1671
1570 1788
1575 2233
1579 1841
1580 2254
1581 1775
1582 2233
1583 1908
1584 2037
1596 1628
1597 1841
1600 1841
1600 1908
1602 1788
1603 1841
1610 1841
1616 1841
1618 1908
1620 1909
1620 2143
1620 2227
1621 1841
1622 1698
1628 1728
1628 1766
1628 1782
1628 1826
1628 1912
1628 2034
1628 2137
1628 2165
1628 2180
1628 2212
1631 1841
1632 2130
1632 2218
1635 2166
1637 1841
1641 1879
1642 1841
1649 1841
1650 2076
1650 2121
1653 1775
1654 2079
1655 1845
1656 1908
1657 1841
1658 1962
1659 1775
1660 1909
1662 2233
1664 2042
1664 2233
1664 2243
1667 2233
1669 1841
1684 1775
1685 1696
1688 2233
1689 1841
1690 2001
1692 2162
1693 1778
1693 1908
1696 1823
1696 1923
1696 2242
1698 1901
1700 1860
1700 1907
1700 1941
1700 2076
1700 2146
1701 1908
1703 1841
1704 2042
1708 1841
1723 1908
1725 1898
1725 1934
1725 2078
1726 2042
1731 2076
1738 1775
1739 1841
1744 1841
1746 1908
1749 1961
1751 1845
1752 2233
1753 1845
1756 1841
1758 1908
1759 1841
1764 1841
1765 2254
1770 1841
1775 1896
1775 2024
1778 1856
1778 2242
1778 2273
1787 1900
1787 1935
1788 1933
1788 2193
1788 2208
1795 1841
1796 1841
1805 1841
1809 2136
1811 1841
1814 1845
1815 1908
1821 1915
1822 2233
1824 1841
1833 1841
1834 2136
1841 1851
1841 1854
1841 1880
1841 1886
1841 1914
1841 1915
1841 1936
1841 1938
1841 1951
1841 1964
1841 1972
1841 1984
1841 2009
1841 2021
1841 2036
1841 2053
1841 2064
1841 2075
1841 2081
1841 2084
1841 2087
1841 2092
1841 2096
1841 2107
1841 2129
1841 2139
1841 2149
1841 2153
1841 2159
1841 2186
1841 2191
1841 2202
1841 2220
1841 2242
1841 2257
1845 1934
1845 2030
1845 2086
1845 2123
1845 2195
1845 2210
1846 2233
1849 2233
1853 2172
1856 1908
1861 2233
1862 2254
1864 2233
1865 1908
1866 2233
1879 2037
1885 1916
1887 1899
1887 1948
1887 2077
1887 2164
1888 2218
1893 2233
1895 1908
1900 2227
1908 1956
1908 2153
1908 2187
1908 2207
1908 2232
1917 1949
1918 2076
1919 2042
1919 2045
1924 1941
1925 1995
1926 1929
1926 1968
1926 1995
1926 2253
1927 1995
1941 2258
1947 2042
1949 2178
1949 2206
1949 2233
1949 2269
1955 2151
1955 2203
1961 1982
1961 2215
1961 2220
1966 1995
1966 2004
1966 2005
1966 2040
1966 2248
1966 2265
1966 2268
1967 1995
1967 1996
1969 2042
1973 2037
1974 1996
1974 2180
1978 2145
1979 2112
1983 2136
1989 2233
1991 2254
1993 2130
1994 2162
1995 1996
1995 2008
1995 2264
1996 1999
1996 2005
1996 2006
1996 2008
1996 2040
1998 2037
2002 2218
2012 2218
2027 2037
2037 2063
2037 2138
2037 2174
2042 2116
2042 2229
2047 2233
2052 2233
2068 2136
2070 2136
2074 2136
2090 2136
2091 2254
2099 2136
2103 2136
2104 2146
2113 2136
2128 2136
2136 2137
2136 2147
2136 2150
2136 2177
2136 2194
2136 2199
2136 2219
2136 2222
2136 2231
2143 2198
2150 2233
2162 2238
2166 2193
2233 2237
2233 2246
2234 2266
2254 2267
