

hidden1:64,hidden2:200,learning_rate:0.002,epochs:300,seed:20
H	0.5276	0.5205	0.5065	0.5274	0.5103	0.5185	0.0087
C	0.5261	0.514	0.4967	0.5246	0.5023	0.5127	0.0117
V	0.5269	0.5172	0.5016	0.526	0.5062	0.5156	0.0102
Ari	0.4708	0.4667	0.4337	0.4718	0.4444	0.4575	0.0155
Ami	0.5251	0.5154	0.4998	0.5242	0.5045	0.5138	0.0102
Nmi	0.5269	0.5172	0.5016	0.526	0.5062	0.5156	0.0102
purity	0.7242	0.7186	0.7013	0.7227	0.7027	0.7139	0.0099
accuracy	0.702	0.6965	0.6776	0.7001	0.6806	0.6914	0.0102
f1	0.7167	0.7123	0.6932	0.7166	0.693	0.7064	0.0109
precision	0.7693	0.7617	0.747	0.7717	0.7532	0.7606	0.0094
recall	0.702	0.6965	0.6776	0.7001	0.6806	0.6914	0.0102
entropy	0.0596	0.0551	0.0626	0.0619	0.0816	0.0642	0.0091
time	154.5109	154.5109	154.5109	154.5109	154.5109	154.5109	0.0
mean list for latex table
'Nmi','purity','Ari','f1','precision','recall','entropy'
0.5156 &0.7139 &0.4575 &0.7064 &0.7606 &0.6914 &0.0642 &


hidden1:64,hidden2:200,learning_rate:0.002,epochs:300,seed:20
H	0.3387	0.3387	0.3387	0.3387	0.3387	0.3387	0.0
C	0.2063	0.2063	0.2063	0.2063	0.2063	0.2063	0.0
V	0.2564	0.2564	0.2564	0.2564	0.2564	0.2564	0.0
Ari	0.1806	0.1806	0.1806	0.1806	0.1806	0.1806	0.0
Ami	0.2563	0.2563	0.2563	0.2563	0.2563	0.2563	0.0
Nmi	0.2564	0.2564	0.2564	0.2564	0.2564	0.2564	0.0
purity	0.8538	0.8538	0.8538	0.8538	0.8538	0.8538	0.0
accuracy	0.7174	0.7174	0.7174	0.7174	0.7174	0.7174	0.0
f1	0.7588	0.7588	0.7588	0.7588	0.7588	0.7588	0.0
precision	0.9036	0.9036	0.9036	0.9036	0.9036	0.9036	0.0
recall	0.7174	0.7174	0.7174	0.7174	0.7174	0.7174	0.0
entropy	0.1859	0.1859	0.1859	0.1859	0.1859	0.1859	0.0
time	549.7762	549.7762	549.7762	549.7762	549.7762	549.7762	0.0
mean list for latex table
'Nmi','purity','Ari','f1','precision','recall','entropy'
0.2564 &0.8538 &0.1806 &0.7588 &0.9036 &0.7174 &0.1859 &
